6313.1938476562500000 1024.0000000000000000 540.0000000000000000 0.0000000000000000 0.0000000000000000 0.0000000000000000 0.0000000000000000 0.0000000000000000
333
1 0.9999965151026703 -0.0001988496580405 0.0026325351523707 0.0002090129733295 0.9999925246808029 -0.0038609449738044 -0.0026317477257424 0.0038614817528071 0.9999890813716822 0.0011512128644313 0.0000416963984136 -0.0064004765350932
2 0.9999967373648808 -0.0002029598976532 0.0025463830963602 0.0002125409505742 0.9999928976560792 -0.0037629062893652 -0.0025456012919963 0.0037634352230589 0.9999896781814220 0.0004368669955973 0.0005538218617552 -0.0060964364564105
3 0.9999969029439107 -0.0002045948386301 0.0024803716533556 0.0002138308901538 0.9999930431632428 -0.0037239631398984 -0.0024795924941772 0.0037244819866543 0.9999899898773956 0.0001604351446987 0.0007551966674990 -0.0048429092582027
4 0.9999970668173123 -0.0002398798673829 0.0024101482156014 0.0002489258865494 0.9999929238406793 -0.0037537054322810 -0.0024092307226473 0.0037542943702585 0.9999900503910558 -0.0000204948973206 0.0005392995247255 -0.0042566757529318
5 0.9999972505711031 -0.0001047896376681 0.0023426201924839 0.0001134755530785 0.9999931190819986 -0.0037079525286363 -0.0023422155181044 0.0037082081640064 0.9999903815630825 -0.0001691851967212 0.0009108353341420 -0.0038605337608901
6 0.9999975362830695 -0.0000461836660785 0.0022193005339460 0.0000543068130157 0.9999932995771077 -0.0036603075907697 -0.0022191166172703 0.0036604190959470 0.9999908383847729 -0.0002320963259978 0.0008256575804541 -0.0040411536568440
7 0.9999978675419762 -0.0000814462653467 0.0020635595475141 0.0000887901842977 0.9999936627331938 -0.0035590180885422 -0.0020632566014551 0.0035591937229181 0.9999915375203129 -0.0008380260548881 0.0012696705901568 -0.0041428971655834
8 0.9999978906720486 -0.0000500522097267 0.0020533256512048 0.0000571255102858 0.9999940647236547 -0.0034448881170698 -0.0020531410398871 0.0034449981479466 0.9999919582674808 -0.0010143583491923 0.0014112967737881 -0.0034158732903962
9 0.9999978029368233 -0.0000613391877370 0.0020953183601575 0.0000680902767909 0.9999948068076381 -0.0032220678870586 -0.0020951098397392 0.0032222034787790 0.9999926139324733 -0.0007657557246742 0.0012908032209667 -0.0026256174762878
10 0.9999978150631585 0.0000078500003231 0.0020904084018102 -0.0000016966048710 0.9999956675438091 -0.0029436186459983 -0.0020904224526147 0.0029436086677804 0.9999934826297522 -0.0005962223434417 0.0009926285666679 -0.0024050663068380
11 0.9999983985882518 0.0000450718544380 0.0017890750291399 -0.0000403553809035 0.9999965243721695 -0.0026362122494744 -0.0017891876299557 0.0026361358290089 0.9999949247848789 -0.0008747539697205 0.0009209974425353 -0.0022451904864212
12 0.9999988939510402 0.0000301749503326 0.0014870057728219 -0.0000265874661120 0.9999970895246435 -0.0024125163934450 -0.0014870742424906 0.0024124741893682 0.9999959842811784 -0.0010185308975182 0.0011302676908269 -0.0023068691981855
13 0.9999991052488061 0.0000160436830660 0.0013376263257712 -0.0000129819142314 0.9999973803027996 -0.0022889340331242 -0.0013376595445275 0.0022889146201475 0.9999964857622274 -0.0007371337195657 0.0009099906220234 -0.0017778327926878
14 0.9999993529431892 0.0000355244039202 0.0011370361558035 -0.0000332754894386 0.9999980435347184 -0.0019778320144342 -0.0011371041925351 0.0019777928992300 0.9999973976612655 -0.0009388422002910 0.0010768170899984 -0.0019456222065281
15 0.9999993926637146 -0.0000161548842472 0.0011020032765617 0.0000180344354628 0.9999985453208017 -0.0017055881799633 -0.0011019741199209 0.0017056070181046 0.9999979382767441 -0.0006867770177672 0.0008371133340639 -0.0012131694613569
16 0.9999994013558300 -0.0000689211223422 0.0010920338183604 0.0000704744942044 0.9999989857871746 -0.0014224830290222 -0.0010919346716788 0.0014225591379921 0.9999983920007930 -0.0007305633073577 0.0010223458512513 -0.0017611461359352
17 0.9999993918441518 0.0000285628870416 0.0011024951193526 -0.0000271342325655 0.9999991600429545 -0.0012958306675196 -0.0011025312059691 0.0012957999640937 0.9999985526626490 -0.0004128749511586 0.0005045848208049 -0.0005040550556192
18 0.9999994877944095 0.0000134784567058 0.0010120421186303 -0.0000123261293462 0.9999993517033411 -0.0011386136149266 -0.0010120568092811 0.0011386005571603 0.9999988396642199 -0.0003570025836733 0.0005324738957256 -0.0006735771343495
19 0.9999995665750082 -0.0000573914948401 0.0009292771448710 0.0000582945931479 0.9999995260731122 -0.0009718308965364 -0.0009292209296337 0.0009718846471536 0.9999990959939397 -0.0002871745519252 0.0006090796421056 -0.0013682251397792
20 0.9999996482428917 0.0000111567560125 0.0008386832653988 -0.0000105060509259 0.9999996989611176 -0.0007758655148180 -0.0008386916690647 0.0007758564306527 0.9999993473213286 -0.0000703251508602 0.0005222578355445 -0.0002846054495147
21 0.9999997836665447 0.0000399572269521 0.0006565594289805 -0.0000395581904569 0.9999998145248920 -0.0006077707885050 -0.0006565835920404 0.0006077446847209 0.9999995997721124 -0.0002262714873154 0.0006138552482763 0.0001535615191871
22 0.9999998716224162 -0.0000038281795839 0.0005066956643046 0.0000040671673582 0.9999998887605166 -0.0004716592124031 -0.0005066938023439 0.0004716612126687 0.9999997603985169 -0.0001015414615989 0.0005915876343795 -0.0009659814737246
23 0.9999999146174251 0.0000064603217590 0.0004131868910201 -0.0000063487235213 0.9999999635049560 -0.0002700921700494 -0.0004131886208231 0.0002700895237789 0.9999998781633990 -0.0001043759427445 0.0008106461248376 -0.0007249532076372
24 0.9999999279634149 -0.0000221587222682 0.0003789223616261 0.0000222456429630 0.9999999734434782 -0.0002293865169301 -0.0003789172686511 0.0002293949297775 0.9999999018998301 0.0001346049512747 0.0002208612376037 -0.0002861743867386
25 0.9999999573729297 -0.0000515001525967 0.0002874054158878 0.0000515335629368 0.9999999919160530 -0.0001162419279677 -0.0002873994270874 0.0001162567340377 0.9999999519429694 0.0001387614883660 0.0004274044229562 -0.0009348467075677
26 0.9999999740382223 -0.0001341502241132 0.0001841935729202 0.0001341579613337 0.9999999901190639 -0.0000419942072070 -0.0001841879375679 0.0000420189171510 0.9999999821546069 0.0001452640461524 0.0003159005708789 0.0003260720308584
27 0.9999999952289775 0.0000131696593939 0.0000967915547396 -0.0000131714576049 0.9999999997406934 0.0000185775662806 -0.0000967913100543 -0.0000185788410778 0.9999999951431345 0.0005588303723973 0.0001059540584845 0.0002733225778335
28 0.9999999925414692 -0.0001109120377501 -0.0000511427554326 0.0001109184077608 0.9999999860900198 0.0001245675199510 0.0000511289386837 -0.0001245731916949 0.9999999909336758 0.0006369356737805 0.0004656496306639 -0.0002361310032599
29 0.9999999872743703 -0.0000391485388301 -0.0001546565583310 0.0000391715657252 0.9999999881486342 0.0001488902943870 0.0001546507276607 -0.0001488963506318 0.9999999769565143 0.0007644939461052 0.0003439643528686 -0.0003139106457616
30 0.9999999855397153 -0.0000952157733344 -0.0001409060889027 0.0000952464444069 0.9999999717718500 0.0002176796134833 0.0001408853583925 -0.0002176930311395 0.9999999663805295 0.0009409269799074 0.0003096593856367 -0.0007721817874028
31 0.9999999677942962 -0.0001165243756928 -0.0002254628047460 0.0001166036876149 0.9999999313227350 0.0003517927022327 0.0002254217968368 -0.0003518189806974 0.9999999127042053 0.0005747920972463 0.0006155090253756 -0.0005114489993083
32 0.9999999574293806 -0.0000319412789681 -0.0002900361901367 0.0000320582681074 0.9999999181345499 0.0004033647989736 0.0002900232824052 -0.0004033740798600 0.9999998765879161 0.0007791620336390 0.0005224354048804 -0.0005320394993333
33 0.9999999249282157 -0.0000741043452314 -0.0003803315777381 0.0000742593799507 0.9999999141606478 0.0004076324834550 0.0003803013377524 -0.0004076606960404 0.9999998445918127 0.0011073141850106 0.0001586753210984 -0.0003507091650308
34 0.9999998539108227 -0.0000794308829686 -0.0005346672499198 0.0000796671398553 0.9999998992021546 0.0004418696950962 0.0005346320979264 -0.0004419122259544 0.9999997594410234 0.0009653692653959 0.0000926399732117 -0.0006770428415098
35 0.9999998357796441 -0.0000991640983853 -0.0005644529797872 0.0000994157042335 0.9999998957157120 0.0004457410490717 0.0005644087194144 -0.0004457970913624 0.9999997413538420 0.0010858889706108 0.0000217248348087 0.0001895242702707
36 0.9999998177209555 -0.0001453076258383 -0.0005860407405738 0.0001455994003826 0.9999998654669955 0.0004978622355287 0.0005859683185525 -0.0004979474719593 0.9999997043446787 0.0008595886557184 0.0003964971048068 -0.0008880668748140
37 0.9999998082759396 -0.0002217209345772 -0.0005781763668453 0.0002219977208366 0.9999998607803777 0.0004787026603939 0.0005780701479506 -0.0004788309224508 0.9999997182778861 0.0010047236988443 0.0002404082914568 -0.0003265973688895
38 0.9999998677992176 -0.0000905853348526 -0.0005061579245492 0.0000907801304663 0.9999999218279005 0.0003848417347533 0.0005061230239643 -0.0003848876329593 0.9999997978504769 0.0015058562540479 -0.0002044814536578 -0.0000305196421491
39 0.9999998593864590 -0.0001805831934429 -0.0004986148539299 0.0001807790170081 0.9999999065457607 0.0003927179865465 0.0004985438890641 -0.0003928080704282 0.9999997985778849 0.0014787446747223 0.0000313167856866 -0.0001628167483718
40 0.9999998245719288 -0.0002141720760516 -0.0005522557681962 0.0002144142430824 0.9999998808794592 0.0004384832947215 0.0005521617915336 -0.0004386016293017 0.9999997513729525 0.0010775390555414 0.0003587488959368 -0.0000031936301632
41 0.9999998397560146 -0.0002327678336775 -0.0005160494944039 0.0002329957034129 0.9999998753735025 0.0004415495233411 0.0005159466515644 -0.0004416696899004 0.9999997693634423 0.0011879468606163 0.0003930371522690 -0.0007934616591558
42 0.9999998586212688 -0.0001991862193379 -0.0004930337638533 0.0001993863266010 0.9999998977640429 0.0004058534176898 0.0004929528730397 -0.0004059516645018 0.9999997961003347 0.0014891148694272 0.0002949538599531 -0.0003811990449522
43 0.9999998569116053 -0.0002022092677742 -0.0004952657680654 0.0002023949357785 0.9999999092565663 0.0003748641741374 0.0004951899221131 -0.0003749643597820 0.9999998070943164 0.0017507946391104 0.0002095171213985 -0.0000931700940775
44 0.9999998567674361 -0.0002763218866666 -0.0004583790160356 0.0002764733623028 0.9999999071896012 0.0003304289168174 0.0004582876687516 -0.0003305555990770 0.9999998403526916 0.0020959227588217 0.0001525093166016 -0.0010690839615142
45 0.9999998834631919 -0.0001843657370826 -0.0004461870432809 0.0001845117686561 0.9999999294252788 0.0003272687651258 0.0004461266746443 -0.0003273510537475 0.9999998469061272 0.0021313136161312 0.0000776238700382 -0.0005100623418811
46 0.9999998640488993 -0.0002299407684529 -0.0004680057969352 0.0002301147027465 0.9999999044691935 0.0003716299602720 0.0004679202993476 -0.0003717376047634 0.9999998214308574 0.0021313513019055 0.0003416481974673 -0.0006767520608881
47 0.9999998575406982 -0.0002225325254496 -0.0004851781718326 0.0002227117102730 0.9999999070104080 0.0003692948275247 0.0004850959466055 -0.0003694028297756 0.9999998141117187 0.0020888044753106 0.0003965047701115 -0.0000376436104178
48 0.9999998787203619 -0.0001655568351005 -0.0004638428567357 0.0001657317031964 0.9999999152074618 0.0003769855059043 0.0004637804048780 -0.0003770623336504 0.9999998213658503 0.0020746445146206 0.0005302401007552 -0.0000487123369043
49 0.9999998975239036 -0.0001363264172833 -0.0004317027798614 0.0001364892797866 0.9999999195268917 0.0003772491042604 0.0004316513161021 -0.0003773079884029 0.9999998356578981 0.0021494125355663 0.0004754974872117 -0.0001140567400295
50 0.9999999053001820 -0.0002324909338494 -0.0003678961710570 0.0002326138303289 0.9999999171525176 0.0003340445537766 0.0003678184782474 -0.0003341300998801 0.9999998765333140 0.0025332930225033 0.0004130810767782 -0.0009982873514081
51 0.9999999411516864 -0.0001308870134355 -0.0003171201876324 0.0001309684355290 0.9999999584639883 0.0002567475232498 0.0003170865695439 -0.0002567890408755 0.9999999167577445 0.0028740571950767 0.0001313812022453 0.0002272991678565
52 0.9999999438618081 -0.0001922694319114 -0.0002744245728885 0.0001923504319723 0.9999999379387486 0.0002951674275233 0.0002743678041837 -0.0002952201966382 0.9999999187836685 0.0028305973013120 0.0005897464711032 -0.0001062548741115
53 0.9999999656205162 -0.0001664016883535 -0.0002026559759950 0.0001664550233543 0.9999999515114573 0.0002631915810269 0.0002026121706451 -0.0002632253050837 0.9999999448303720 0.0030850006234683 0.0004933248627363 -0.0000041261951731
54 0.9999999676919954 -0.0001589248645769 -0.0001983907647787 0.0001589741971134 0.9999999564446017 0.0002486724741422 0.0001983512358985 -0.0002487040051206 0.9999999494015512 0.0031706589025095 0.0004938529975429 -0.0001457921281492
55 0.9999999577364593 -0.0002408779293045 -0.0001628032640461 0.0002409060729831 0.9999999560398090 0.0001728717562113 0.0001627616158985 -0.0001729109692001 0.9999999718052262 0.0033671279491676 0.0001989973946937 -0.0004925936164239
56 0.9999999649345136 -0.0002524760500796 -0.0000799175552874 0.0002524927382754 0.9999999463090150 0.0002088764806365 0.0000798648146877 -0.0002088966519145 0.9999999749918997 0.0036305779566129 0.0004174946313903 -0.0003185470683489
57 0.9999999890733328 -0.0001448486198960 -0.0000295332291599 0.0001448550989616 0.9999999654187604 0.0002194982422918 0.0000295014341211 -0.0002195025179322 0.9999999754741548 0.0037563183758999 0.0003102563046067 -0.0003662961392691
58 0.9999999705675945 -0.0002425210583452 -0.0000069531518707 0.0002425231278604 0.9999999258317404 0.0002991973364927 0.0000068805897003 -0.0002991990139868 0.9999999552163027 0.0037375104617863 0.0008061878183064 -0.0008233574790204
59 0.9999999760743384 -0.0001982079856361 0.0000925468369577 0.0001981852450535 0.9999999501858375 0.0002456642652562 -0.0000925955249667 -0.0002456459179610 0.9999999655420753 0.0040259418615875 0.0005126924351881 -0.0004275357923939
60 0.9999999460062794 -0.0002475628067165 0.0002161020477355 0.0002475149714470 0.9999999448694401 0.0002213536888986 -0.0002161568347622 -0.0002213001884547 0.9999999521512235 0.0043372784488066 0.0004048632832436 -0.0001774564970931
61 0.9999999446222277 -0.0002076417556805 0.0002600777627458 0.0002075701609813 0.9999999405681469 0.0002752786421907 -0.0002601349066295 -0.0002752246425633 0.9999999282906107 0.0040729997758778 0.0007755948041170 -0.0003412937262780
62 0.9999998913866260 -0.0001506811825159 0.0004410463892046 0.0001506058728307 0.9999999740759402 0.0001707805314387 -0.0004410721111833 -0.0001707140887133 0.9999998881560400 0.0044411389133873 0.0002567059896672 0.0001335388321617
63 0.9999998131060449 -0.0001506940759028 0.0005925193419799 0.0001505963630429 0.9999999750557874 0.0001649519931552 -0.0005925441844882 -0.0001648627310688 0.9999998108558168 0.0047087851827979 0.0004162210288955 -0.0003162053061092
64 0.9999997064840845 -0.0001936722395510 0.0007412980564027 0.0001935629586331 0.9999999703904485 0.0001474872303722 -0.0007413265986354 -0.0001473436992373 0.9999997143623135 0.0050166176607474 0.0003137121186534 -0.0005150025154521
65 0.9999995935254483 -0.0001882055151717 0.0008817752674001 0.0001880523094112 0.9999999672103144 0.0001738266351748 -0.0008818079536184 -0.0001736607446433 0.9999995961282578 0.0052932068036640 0.0004685036898437 -0.0007654567795652
66 0.9999995421279364 -0.0001050059048458 0.0009511664824493 0.0001048690111711 0.9999999841374758 0.0001439706172402 -0.0009511815851263 -0.0001438708034316 0.9999995372772850 0.0055101690355079 0.0003000762643354 -0.0005594856995619
67 0.9999994790749680 -0.0001830162976195 0.0010041687246717 0.0001828750576250 0.9999999733739668 0.0001407436640496 -0.0010041944563189 -0.0001405599533193 0.9999994859180646 0.0056039411721856 0.0003167901784208 -0.0006754429043168
68 0.9999992954013317 -0.0002195204054537 0.0011666223174863 0.0002193039937313 0.9999999587240942 0.0001856274987854 -0.0011666630183567 -0.0001853715230591 0.9999993022671565 0.0060915785195110 0.0006087816514573 -0.0009594929868725
69 0.9999990729664114 -0.0000874173445542 0.0013588320446456 0.0000871173771573 0.9999999718264293 0.0002208114652009 -0.0013588513091144 -0.0002206928826175 0.9999990524084367 0.0068657682987285 0.0007384561447072 -0.0006993300462907
70 0.9999988642829052 -0.0000740818560057 0.0015053055432078 0.0000737885021239 0.9999999782778867 0.0001949345611379 -0.0015053199516235 -0.0001948232655062 0.9999988480272056 0.0076373975416465 0.0006061296754381 -0.0006817207337919
71 0.9999986233285495 -0.0000432202483426 0.0016587564667671 0.0000429727026997 0.9999999879357536 0.0001492710266904 -0.0016587628982863 -0.0001491995399447 0.9999986131216105 0.0085855027422681 0.0002477037579063 -0.0008200226937373
72 0.9999984818387930 -0.0000963648668282 0.0017398373261761 0.0000960399240715 0.9999999779319381 0.0001868487526753 -0.0017398552934364 -0.0001866813751641 0.9999984690256390 0.0093725674040766 0.0003922036863923 -0.0006988053426967
73 0.9999983413002381 -0.0000651488948831 0.0018202066898811 0.0000647167966524 0.9999999697152002 0.0002374475414467 -0.0018202221042014 -0.0002373293496463 0.9999983152317163 0.0103737885756891 0.0006156105984868 -0.0015347720590890
74 0.9999982573550334 -0.0001556372928255 0.0018603934878022 0.0001551989276108 0.9999999601623291 0.0002357724179949 -0.0018604301086693 -0.0002354832760530 0.9999982416721729 0.0114094269622904 0.0005540003889588 -0.0020353951940652
75 0.9999981444618734 -0.0001593079852911 0.0019198160786411 0.0001588971751463 0.9999999644489993 0.0002141347421607 -0.0019198501237641 -0.0002138292914738 0.9999981342245275 0.0125021214450365 0.0004117278423333 -0.0021344897354941
76 0.9999975788222990 -0.0000826629070828 0.0021989807601815 0.0000821826410064 0.9999999727533214 0.0002184934091361 -0.0021989987615669 -0.0002183121620783 0.9999975583691425 0.0137867870465730 0.0003834873778271 -0.0021956160698260
77 0.9999965910303096 -0.0000972461831161 0.0026093046850985 0.0000966346607527 0.9999999678387372 0.0002344872425171 -0.0026093274041692 -0.0002342342938842 0.9999965682665083 0.0147634330087995 0.0004272107645807 -0.0032893652433423
78 0.9999951872305902 -0.0000490306360122 0.0031021140619779 0.0000482114595006 0.9999999639516338 0.0002641446311926 -0.0031021269013311 -0.0002639938024790 0.9999951535462361 0.0160466993439007 0.0006860357323917 -0.0032773620255105
79 0.9999938743202499 -0.0000966748652003 0.0034988535189192 0.0000959699437438 0.9999999750656491 0.0002016394579796 -0.0034988729251450 -0.0002013024380255 0.9999938586639331 0.0178137695436582 0.0003161064329179 -0.0032815595554446
80 0.9999928655883303 0.0000042720057017 0.0037774004539507 -0.0000049899411984 0.9999999819277964 0.0001900513282440 -0.0037773995737844 -0.0001900688213457 0.9999928475375727 0.0193511057395656 0.0003106991547314 -0.0033399683630574
81 0.9999917636178657 -0.0000839263339416 0.0040577891518762 0.0000833333445891 0.9999999858252115 0.0001463049226777 -0.0040578013731937 -0.0001459655685127 0.9999917564370562 0.0209307782326268 0.0000835016010836 -0.0041625322614376
82 0.9999908658878429 -0.0000980802569599 0.0042729990809025 0.0000971425917535 0.9999999711593451 0.0002196465927534 -0.0042730205006606 -0.0002192294962715 0.9999908465752219 0.0222649091404904 0.0003936481950428 -0.0044865572445493
83 0.9999892163362464 -0.0000447035130355 0.0046438360022511 0.0000440850936055 0.9999999901475083 0.0001332722318494 -0.0046438419142347 -0.0001330660707416 0.9999892084546195 0.0246620861435260 -0.0000666480594923 -0.0046147879636710
84 0.9999875065545583 -0.0000172505675571 0.0049986435375097 0.0000165988199508 0.9999999913567231 0.0001304263504275 -0.0049986457442336 -0.0001303417493689 0.9999874981977285 0.0266231990827771 -0.0000247017863999 -0.0049017947391272
85 0.9999858001427425 -0.0000972842033768 0.0053282312884012 0.0000963112805921 0.9999999786442788 0.0001828539830309 -0.0053282489634170 -0.0001823382177518 0.9999857881568909 0.0286345263735305 0.0002918476727160 -0.0059273083169088
86 0.9999841063307947 0.0000322466588921 0.0056379114887349 -0.0000334916945679 0.9999999750764083 0.0002207385085903 -0.0056379042301386 -0.0002209238234551 0.9999840824875944 0.0308836809134269 0.0003818598580878 -0.0061561930338914
87 0.9999820404530738 -0.0000635921839293 0.0059928897321090 0.0000624008640899 0.9999999782574106 0.0001989756530303 -0.0059929022551044 -0.0001985981180201 0.9999820226790821 0.0339924611065100 0.0000261522769173 -0.0069834494057972
88 0.9999803691182443 0.0000058654903438 0.0062658873063514 -0.0000068784295673 0.9999999869129536 0.0001616378049989 -0.0062658862762645 -0.0001616777313707 0.9999803560718000 0.0370390524388545 -0.0002223268340713 -0.0076504573879640
89 0.9999794325808310 0.0000704653126246 0.0064132246147238 -0.0000719651803532 0.9999999701165392 0.0002336406077057 -0.0064132079595160 -0.0002340973311875 0.9999794077690337 0.0395891240825550 0.0001538002042270 -0.0081584712226723
90 0.9999773489323363 0.0000755453477904 0.0067302240049659 -0.0000768781183675 0.9999999774885522 0.0001977691835117 -0.0067302089129171 -0.0001982821107862 0.9999773322291826 0.0433661550211688 -0.0002884643871981 -0.0095236717523920
91 0.9999752389889039 0.0002884600773107 0.0070312303239285 -0.0002897891813292 0.9999999403371226 0.0001880105891651 -0.0070311756708760 -0.0001900435083121 0.9999752629201135 0.0468633918962900 -0.0002860791866979 -0.0105765492397967
92 0.9999726003458911 0.0003284422932759 0.0073953149450699 -0.0003299276225380 0.9999999256481601 0.0001996282498715 -0.0073952488288544 -0.0002020626988043 0.9999726343582734 0.0508454642634250 -0.0002155938879860 -0.0111344196596510
93 0.9999699309155421 0.0003756491596169 0.0077457183317500 -0.0003769035636366 0.9999999160934928 0.0001604889747891 -0.0077456573942853 -0.0001634035378747 0.9999699885950649 0.0551111028852936 -0.0004636123625588 -0.0115663988187438
94 0.9999669044320575 0.0003409924766448 0.0081285770402474 -0.0003424547300067 0.9999999254313817 0.0001784992684749 -0.0081285155672030 -0.0001812770305959 0.9999669466403937 0.0594371919180481 -0.0002970255328118 -0.0127531659031552
95 0.9999629176791902 0.0003550453681013 0.0086044877423261 -0.0003568693239673 0.9999999141790458 0.0002104428349244 -0.0086044122871269 -0.0002135057089393 0.9999629585662189 0.0640667877422389 -0.0003111165183823 -0.0135687453145273
96 0.9999586107219494 0.0003852978995482 0.0090900158722383 -0.0003873035104898 0.9999999010438552 0.0002188795800303 -0.0090899306388830 -0.0002223911158202 0.9999586609971294 0.0688062622357101 -0.0003649871500529 -0.0150433699734722
97 0.9999537354434168 0.0004030735688842 0.0096106453714221 -0.0004053561561602 0.9999998900990695 0.0002355594097853 -0.0096105493674312 -0.0002394442459996 0.9999537889359233 0.0738353310804906 -0.0003634161782460 -0.0161072236248950
98 0.9999488494816544 0.0004413014304173 0.0101046362311085 -0.0004437809251630 0.9999998719704578 0.0002431410260362 -0.0101045276389340 -0.0002476128340618 0.9999489172998181 0.0790520485350150 -0.0003116544087245 -0.0173896319049047
99 0.9999433770227784 0.0004727410476826 0.0106310518850947 -0.0004750785616276 0.9999998635292717 0.0002173517844481 -0.0106309476831570 -0.0002223900621811 0.9999434651489145 0.0847422382253429 -0.0005922945347628 -0.0186213625524302
100 0.9999364601288792 0.0005570952085764 0.0112590119395564 -0.0005601555385758 0.9999998070237902 0.0002686599242472 -0.0112588600976784 -0.0002749496515271 0.9999365792248976 0.0905932708602038 -0.0005598103589535 -0.0199449913055976
101 0.9999278999721034 0.0005649923886410 0.0119948172549628 -0.0005683092149050 0.9999998012164206 0.0002731149124924 -0.0119946605627433 -0.0002799119860767 0.9999280222932372 0.0962464236012956 -0.0003428521116462 -0.0216103992227735
102 0.9999178765748947 0.0005998801868473 0.0128015721579417 -0.0006042742658185 0.9999997598368739 0.0003393800319441 -0.0128013654961191 -0.0003470878215106 0.9999179989236512 0.1022688262316026 -0.0003367120612172 -0.0226107702646537
103 0.9999083000508597 0.0007037582564477 0.0135239126629919 -0.0007088807594348 0.9999996788120291 0.0003739838330959 -0.0135236451250635 -0.0003835363802765 0.9999084777730292 0.1082711172281789 -0.0004717059782335 -0.0241738355234834
104 0.9998991571329757 0.0006183025241795 0.0141877858298408 -0.0006233323887123 0.9999997444428329 0.0003501014167296 -0.0141875657354607 -0.0003589098179309 0.9998992870095691 0.1144718782824669 -0.0008847115821985 -0.0243243238148530
105 0.9998894605771736 0.0006539190226831 0.0148539225997896 -0.0006596225577782 0.9999997105985567 0.0003790789944921 -0.0148536704140774 -0.0003888350737372 0.9998896025474590 0.1209085943914053 -0.0007137736602847 -0.0257637076271934
106 0.9998799378306069 0.0006986415957126 0.0154797229879059 -0.0007040257600286 0.9999996935639091 0.0003423737975852 -0.0154794790477838 -0.0003532308151859 0.9998801232929877 0.1272129416646933 -0.0007969050769448 -0.0274380766331381
107 0.9998690167910443 0.0007337858564564 0.0161682039703574 -0.0007397087890636 0.9999996614875684 0.0003603549029118 -0.0161679340738883 -0.0003722674650505 0.9998692211107995 0.1340588314326113 -0.0009045637525285 -0.0290275911314137
108 0.9998582967173064 0.0008629961366964 0.0168119517973038 -0.0008694760762103 0.9999995505140565 0.0003781309797293 -0.0168116179149931 -0.0003926949872103 0.9998585976495512 0.1408817965593516 -0.0009825168700992 -0.0295332948804834
109 0.9998449129134591 0.0008287792160167 0.0175915674710472 -0.0008347415959403 0.9999995966258930 0.0003315939070874 -0.0175912855569260 -0.0003462268942603 0.9998452014183957 0.1486185962949191 -0.0016567438476376 -0.0299263019263396
110 0.9998339327171347 0.0008112356370543 0.0182057376705580 -0.0008192848607811 0.9999995699163877 0.0004346715501739 -0.0182053772195167 -0.0004495150507035 0.9998341673380212 0.1555854624295167 -0.0013918314593166 -0.0317101105996923
111 0.9998241258735545 0.0008205862403842 0.0187361671481886 -0.0008285489116528 0.9999995697125315 0.0004172306949808 -0.0187358167124833 -0.0004326811457960 0.9998243755575988 0.1630161754801482 -0.0013595031326529 -0.0325185907503079
112 0.9998136102714940 0.0008933016220615 0.0192859204626892 -0.0009008066238564 0.9999995218985652 0.0003804603361190 -0.0192855713762276 -0.0003977623071202 0.9998139369511907 0.1707130899639482 -0.0015530388882025 -0.0350334191301514
113 0.9998019524728778 0.0009172085558987 0.0198800040212829 -0.0009268093965301 0.9999994583012325 0.0004737315527164 -0.0198795587416759 -0.0004920627058838 0.9998022609589007 0.1782173332251187 -0.0016289337066868 -0.0359807043088174
114 0.9997877357507520 0.0009231609483040 0.0205823034728393 -0.0009355296130951 0.9999993875645253 0.0005913162582920 -0.0205817449874288 -0.0006104460973950 0.9997879870896802 0.1864233627362888 -0.0018886851335400 -0.0374834731927627
115 0.9997762533714213 0.0009216866802532 0.0211327633845426 -0.0009375524119092 0.9999992860538268 0.0007408692944922 -0.0211320654475265 -0.0007605166007669 0.9997764037145613 0.1942236626938011 -0.0018662523211379 -0.0386968024239545
116 0.9997621450425845 0.0010717424278964 0.0217831289767653 -0.0010905971784703 0.9999990408919937 0.0008537053866345 -0.0217821931321081 -0.0008772589475765 0.9997623550019746 0.2024340636867014 -0.0020122500800691 -0.0399377794879023
117 0.9997493270225027 0.0010517589226993 0.0223646355038795 -0.0010729270636104 0.9999989877472342 0.0009345223503307 -0.0223636299729949 -0.0009582837135305 0.9997494434840938 0.2108928161365745 -0.0021423597243925 -0.0414316332416397
118 0.9997396964168825 0.0008887792309657 0.0227980148205535 -0.0009100001460060 0.9999991623212633 0.0009204653746526 -0.0227971776326335 -0.0009409719710328 0.9997396677454266 0.2191882288163820 -0.0024526004452720 -0.0427654687795276
119 0.9997258040967122 0.0008446090600437 0.0234009243133227 -0.0008647610449728 0.9999992639458981 0.0008510558132031 -0.0234001882795259 -0.0008710586649482 0.9997257986294467 0.2280285233677062 -0.0029783963169844 -0.0446776706366186
120 0.9997140811864376 0.0007854274365573 0.0238985142069291 -0.0008057710551029 0.9999993211936287 0.0008416325140768 -0.0238978369431973 -0.0008606486065148 0.9997140354488440 0.2364391857183125 -0.0030861744852590 -0.0468068259784249
121 0.9997008823512391 0.0007130771689660 0.0244466224068922 -0.0007335980923047 0.9999993860852694 0.0008304594652316 -0.0244460152170661 -0.0008481450557100 0.9997007917321920 0.2451238318479307 -0.0031831187600166 -0.0484851526745593
122 0.9996810189316013 0.0009064915425760 0.0252396248181004 -0.0009262674103174 0.9999992731421344 0.0007718444709120 -0.0252389068019955 -0.0007949769090557 0.9996811319591633 0.2540391199085248 -0.0039704430542567 -0.0500820753690656
123 0.9996539464379388 0.0009844670816697 0.0262872249509100 -0.0010052881386595 0.9999991913890216 0.0007788562519475 -0.0262864369364299 -0.0008050129614086 0.9996541277798632 0.2636942711077529 -0.0042636344838919 -0.0511018405829254
124 0.9996255223416561 0.0011039943121643 0.0273422069286619 -0.0011283329771012 0.9999989808489529 0.0008747375310696 -0.0273412133575642 -0.0009052610751516 0.9996257492454473 0.2734082943718121 -0.0035798681535785 -0.0532183217163537
125 0.9995980000875823 0.0010646594039146 0.0283320440713228 -0.0010941528482727 0.9999988755788463 0.0010255099159549 -0.0283309203953973 -0.0010560972477766 0.9995980410185650 0.2819253481411059 -0.0023129165576928 -0.0543501272616424
126 0.9995670786999893 0.0012537135133066 0.0293952952289296 -0.0012810462297609 0.9999987644816821 0.0009110190264332 -0.0293941167536396 -0.0009482813590177 0.9995674497815230 0.2894243673749829 -0.0034050409900824 -0.0549514341119872
127 0.9995251203788323 0.0014504572224023 0.0307803493405570 -0.0014766101925460 0.9999985678863108 0.0008269508247902 -0.0307791058028009 -0.0008720087002622 0.9995258307051432 0.2985235724857931 -0.0049669905750819 -0.0550920018754227
128 0.9994838452105805 0.0015565539569706 0.0320876970636937 -0.0015897074030436 0.9999982286558385 0.0010077279186391 -0.0320860716424595 -0.0010582178246162 0.9994845492460555 0.3062566583578910 -0.0050382580357469 -0.0559513618403225
129 0.9994426046265773 0.0016952491111673 0.0333407586550472 -0.0017386506241568 0.9999976785261798 0.0012728064496397 -0.0333385235313464 -0.0013300649240588 0.9994432318926612 0.3137737671831387 -0.0044529426345166 -0.0580700340046579
130 0.9993920789272673 0.0018334990443216 0.0348153825009754 -0.0018837329963225 0.9999972315519684 0.0014101199940139 -0.0348127006627368 -0.0014748456371511 0.9993927659848821 0.3238653972321337 -0.0042891372413947 -0.0601536350007673
131 0.9993436067218462 0.0018012882710287 0.0361816398845697 -0.0018525986646318 0.9999973252973523 0.0013846574771856 -0.0361790489421686 -0.0014507786550594 0.9993442708391008 0.3336252780734893 -0.0053987129070288 -0.0596431712919060
132 0.9992881868180703 0.0017555850905068 0.0376833863505323 -0.0018100498427216 0.9999973660325455 0.0014112574314876 -0.0376808095112135 -0.0014784616873818 0.9992887324220255 0.3444973356394170 -0.0063984285344337 -0.0601979012461728
133 0.9992443720740566 0.0020486408542619 0.0388135021477632 -0.0021063937137123 0.9999967344653967 0.0014471226850645 -0.0388104107662752 -0.0015277857156826 0.9992454242511996 0.3524936543032980 -0.0069094911235543 -0.0612825953875819
134 0.9991889271612141 0.0020767094258807 0.0402141158846304 -0.0021421701940802 0.9999964497770633 0.0015847839376444 -0.0402106819798125 -0.0016696440428666 0.9991898284828006 0.3619613794189842 -0.0066564482580088 -0.0635550701930343
135 0.9991294475309339 0.0021784129626878 0.0416605520066029 -0.0022528050924475 0.9999959506970799 0.0017388095521767 -0.0416565954651399 -0.0018311489309424 0.9991303092929603 0.3710336625075027 -0.0064511028035774 -0.0646167709000619
136 0.9990514346579016 0.0023380431444590 0.0434829215007823 -0.0023987334245607 0.9999962203980113 0.0013436024895833 -0.0434796157520561 -0.0014466319320296 0.9990532669833510 0.3830271150139368 -0.0098145636338316 -0.0641113370101513
137 0.9989879811775464 0.0024236389700604 0.0449125754878617 -0.0024872562410199 0.9999959810990765 0.0013606403224126 -0.0449090972877610 -0.0014709724124782 0.9989899945549806 0.3932094280637217 -0.0105009857317946 -0.0649691604555852
138 0.9989289736515656 0.0025197882962260 0.0462012582769335 -0.0025928195620957 0.9999954821247204 0.0015208605676918 -0.0461972172987522 -0.0016390232122054 0.9989309939714363 0.4027213117293387 -0.0099424362128081 -0.0670693617661358
139 0.9988643861703842 0.0026040752409176 0.0475726479460755 -0.0026783331512986 0.9999952923611070 0.0014972598822058 -0.0475685250138393 -0.0016229749732661 0.9988666584585972 0.4124469013699229 -0.0102260244736124 -0.0681374597058434
140 0.9987926474630275 0.0025823162451595 0.0490568957090282 -0.0026576272111161 0.9999953880318111 0.0014700111272638 -0.0490528734265713 -0.0015986112465291 0.9987949038970310 0.4227185945770762 -0.0106090921327664 -0.0680857827775903
141 0.9987202419499601 0.0025396017373715 0.0505116693688568 -0.0026190774695028 0.9999954342503470 0.0015072861933311 -0.0505076108385846 -0.0016376512068824 0.9987223334570539 0.4330371898195823 -0.0109145414778208 -0.0703906434588916
142 0.9986463330051599 0.0025863487858765 0.0519500950461608 -0.0026736021550385 0.9999951296424378 0.0016101375471289 -0.0519456776533324 -0.0017468518431440 0.9986483841081275 0.4433626928412301 -0.0110343986981906 -0.0714873724655911
143 0.9985820336006443 0.0024130370427471 0.0531798779824850 -0.0025097899542274 0.9999953145848749 0.0017526444826877 -0.0531753996166208 -0.0018836296152287 0.9985834110454096 0.4523189560364473 -0.0107992025014654 -0.0717111541157161
144 0.9985035952905874 0.0023641219206119 0.0546349807295237 -0.0024713999282929 0.9999951485555491 0.0018960611171160 -0.0546302331512998 -0.0020282487297882 0.9985045937966058 0.4630088155979672 -0.0103091984006321 -0.0728657861162758
145 0.9984319716455267 0.0023330608233889 0.0559299099160781 -0.0024435522447791 0.9999951957560145 0.0019072276522200 -0.0559251915370281 -0.0020409047221086 0.9984328758907440 0.4729812736809869 -0.0105728252176491 -0.0749922538628974
146 0.9983470147337332 0.0022746277835910 0.0574287753716655 -0.0023866857492129 0.9999953795043121 0.0018827376772585 -0.0574242274948266 -0.0020166899793920 0.9983478306973724 0.4844184122766134 -0.0114619013704794 -0.0760902050951433
147 0.9982652893745715 0.0023510754142863 0.0588292824560973 -0.0024728160708729 0.9999949492236356 0.0019966742092693 -0.0588242909909042 -0.0021386845523983 0.9982660611369109 0.4944398921893663 -0.0113840072154792 -0.0766325914726412
148 0.9981765122436096 0.0023820628543442 0.0603156379535284 -0.0025153448013873 0.9999945597173042 0.0021339110396073 -0.0603102267091851 -0.0022817345053221 0.9981770735906199 0.5044131282611636 -0.0109677608644440 -0.0789942678197674
149 0.9980772658668950 0.0024102442479184 0.0619351441616855 -0.0025420233749772 0.9999946698693996 0.0020489875430634 -0.0619298754788387 -0.0022024884689676 0.9980780728819363 0.5153827135044350 -0.0120812074776356 -0.0796946030731418
150 0.9979734373651132 0.0024293822098305 0.0635855047612187 -0.0025695073205933 0.9999944472621390 0.0021220454798015 -0.0635799964280419 -0.0022811284416902 0.9979741381955961 0.5264258591806051 -0.0120100404580734 -0.0816653194262613
151 0.9978738742079819 0.0024354233827181 0.0651291016834996 -0.0025875822343409 0.9999941164080279 0.0022520141003273 -0.0651232338826417 -0.0024157529415195 0.9978743049835447 0.5368238406949922 -0.0118579162758106 -0.0826615844874276
152 0.9977698302751332 0.0024086418806239 0.0667050540590653 -0.0025604673926557 0.9999943224648127 0.0021906722418795 -0.0666993987938652 -0.0023565827868121 0.9977703326508089 0.5479844352588444 -0.0125432674636635 -0.0837952852019265
153 0.9976580700533236 0.0025578627658525 0.0683508053760068 -0.0027133265148773 0.9999939388799558 0.0021817567634707 -0.0683448104591808 -0.0023621052945099 0.9976589634448619 0.5596810104147251 -0.0127196983867877 -0.0845296127126155
154 0.9975557070611905 0.0027007341435097 0.0698234727347081 -0.0028692674822262 0.9999932074299048 0.0023135250520957 -0.0698167502377752 -0.0025082123389609 0.9975566802227825 0.5702810908718210 -0.0118684736312385 -0.0856710179504143
155 0.9974472875641049 0.0029380388489219 0.0713461733993619 -0.0031100643456179 0.9999925183292516 0.0023001707083186 -0.0713388816198832 -0.0025161902240324 0.9974489624817806 0.5808512856662463 -0.0117490466890562 -0.0864229835913074
156 0.9973293657042451 0.0032494432783661 0.0729628496040889 -0.0034309137799818 0.9999913249293686 0.0023619688059635 -0.0729545415625549 -0.0026059900971982 0.9973318623612758 0.5913214265283394 -0.0113586430699664 -0.0879412392884620
157 0.9972050954577226 0.0034917738377584 0.0746311269419151 -0.0036794067974610 0.9999904063602426 0.0023767947104680 -0.0746221117281808 -0.0026447500719079 0.9972083762876665 0.6019557205242368 -0.0114488238824807 -0.0881886365237730
158 0.9970771297733171 0.0038066513878511 0.0763066621483032 -0.0039983470535722 0.9999892227939422 0.0023595586041848 -0.0762968577586463 -0.0026577624383611 0.9970816043809946 0.6131168302465114 -0.0112662464524906 -0.0889951245562906
159 0.9969557036888826 0.0038532159290569 0.0778747559174922 -0.0040513151478764 0.9999889468870636 0.0023859902082695 -0.0778647014235431 -0.0026942217253658 0.9969602948169587 0.6235395585697106 -0.0110886784482308 -0.0904933204604272
160 0.9968224581252492 0.0037384675949400 0.0795676494385590 -0.0039332692968299 0.9999896387809482 0.0022916638905734 -0.0795582577095204 -0.0025973430251559 0.9968268342292131 0.6347647500481031 -0.0118904255075691 -0.0911078310894694
161 0.9966935170382362 0.0036597121992727 0.0811704355080699 -0.0038625094465352 0.9999897990698279 0.0023415330577794 -0.0811610381570287 -0.0026473123925487 0.9966974855102072 0.6455919832913419 -0.0115439455032512 -0.0914529476776329
162 0.9965603694749481 0.0036063394784385 0.0827914506910057 -0.0038030294311360 0.9999903083410498 0.0022181503821719 -0.0827826489012093 -0.0025253790880325 0.9965644261668990 0.6562870849437026 -0.0125580552785533 -0.0924191094516660
163 0.9964086408051879 0.0034857073022848 0.0846030163372488 -0.0036923066121668 0.9999905713234664 0.0022856369023078 -0.0845942515815332 -0.0025898086358339 0.9964121162905386 0.6678990278204793 -0.0121039140095163 -0.0933335298316729
164 0.9962589323406070 0.0037133698211252 0.0863385812723683 -0.0039118417622576 0.9999900809106237 0.0021296888015114 -0.0863298165501401 -0.0024594643595268 0.9962635764743601 0.6786697345693695 -0.0127609501449699 -0.0932652410649279
165 0.9961055451435239 0.0037396131376642 0.0880894898833213 -0.0039433600622729 0.9999899371498980 0.0021390442637300 -0.0880806042539583 -0.0024780824287208 0.9961102681238329 0.6895421732835442 -0.0129918130988391 -0.0930138178311554
166 0.9959506063160488 0.0037858199159943 0.0898223655124846 -0.0040035338650984 0.9999894685208176 0.0022437834217684 -0.0898129249901468 -0.0025943043415246 0.9959552741412125 0.7002986800314405 -0.0126470754506241 -0.0939368818344214
167 0.9958007027100992 0.0039114997503771 0.0914639855449970 -0.0041290519736785 0.9999890785595470 0.0021894500284107 -0.0914544225932857 -0.0025579154268751 0.9958059779177858 0.7115723907576427 -0.0128839060308129 -0.0939023004379419
168 0.9956684501257848 0.0039880197581654 0.0928893595764660 -0.0041999368593985 0.9999890044727927 0.0020860162727070 -0.0928800191348741 -0.0024671100343145 0.9956742516574303 0.7223973098366537 -0.0131053893041915 -0.0948714170646684
