6313.1938476562500000 1024.0000000000000000 540.0000000000000000 0.0000000000000000 0.0000000000000000 0.0000000000000000 0.0000000000000000 0.0000000000000000
333
1 0.9999965151031854 0.0002090129666624 -0.0026317475304962 -0.0001988496517454 0.9999925246802440 0.0038614818978595 0.0026325349571291 -0.0038609451189136 0.9999890813716359 0.0011512116220227 0.0000416954735135 -0.0064004759926548
2 0.9999967373653861 0.0002125409516685 -0.0025456010934368 -0.0002029598991143 0.9999928976555168 0.0037634353724211 0.0025463828978365 -0.0037629064387655 0.9999896781813654 0.0004368657221957 0.0005538209017435 -0.0060964357236615
3 0.9999969029444029 0.0002138308912395 -0.0024795922956189 -0.0002045948400848 0.9999930431626862 0.0037244821360170 0.0024803714548333 -0.0037239632892996 0.9999899898773318 0.0001604338713189 0.0007551957074815 -0.0048429085252591
4 0.9999970668177903 0.0002489258876212 -0.0024092305240845 -0.0002398798688402 0.9999929238401183 0.0037542945196130 0.0024101480170799 -0.0037537055816810 0.9999900503909736 -0.0000204961707007 0.0005392985647555 -0.0042566750198137
5 0.9999972505715680 0.0001134755541444 -0.0023422153195633 -0.0001047896391201 0.9999931190814445 0.0037082083133895 0.0023426199939637 -0.0037079526780381 0.9999903815629935 -0.0001691864699303 0.0009108343740025 -0.0038605330277025
6 0.9999975362835101 0.0000543068140615 -0.0022191164187382 -0.0000461836675195 0.9999932995765607 0.0036604192453411 0.0022193003354259 -0.0036603077401710 0.9999908383846666 -0.0002320975990668 0.0008256566201987 -0.0040411529235747
7 0.9999978675423857 0.0000887901853219 -0.0020632564029212 -0.0000814462667692 0.9999936627326620 0.0035591938723069 0.0020635593489973 -0.0035590182379455 0.9999915375201909 -0.0008380273279299 0.0012696696299189 -0.0041428964322820
8 0.9999978906724561 0.0000571255113094 -0.0020531408413590 -0.0000500522111275 0.9999940647231400 0.0034449982973423 0.0020533254526889 -0.0034448882664736 0.9999919582673737 -0.0010143596222109 0.0014112958134411 -0.0034158725571179
9 0.9999978029372392 0.0000680902778209 -0.0020951096412079 -0.0000613391890937 0.9999948068071566 0.0032222036281721 0.0020953181616397 -0.0032220680364621 0.9999926139324079 -0.0007657569977127 0.0012908022604563 -0.0026256167431458
10 0.9999978150635735 -0.0000016966038439 -0.0020904222540928 0.0000078499990240 0.9999956675433693 0.0029436088171861 0.0020904082032910 -0.0029436187954006 0.9999934826297274 -0.0005962236163958 0.0009926276058343 -0.0024050655739084
11 0.9999983985886070 -0.0000403553799238 -0.0017891874314409 0.0000450718532022 0.9999965243717757 0.0026361359784214 0.0017890748306216 -0.0026362123988764 0.9999949247848403 -0.0008747552424428 0.0009209964814240 -0.0022451897534045
12 0.9999988939513356 -0.0000265874651763 -0.0014870740439744 0.0000301749491400 0.9999970895242831 0.0024124743387785 0.0014870055743041 -0.0024125165428482 0.9999959842811132 -0.0010185321700458 0.0011302667295925 -0.0023068684650242
13 0.9999991052490717 -0.0000129819133183 -0.0013376593460078 0.0000160436818984 0.9999973803024576 0.0022889147695544 0.0013376261272518 -0.0022889341825268 0.9999964857621509 -0.0007371349919703 0.0009099896606918 -0.0017778320593668
14 0.9999993529434150 -0.0000332754885552 -0.0011371039940193 0.0000355244028142 0.9999980435344229 0.0019777930486411 0.0011370359572845 -0.0019778321638375 0.9999973976611957 -0.0009388434725503 0.0010768161284330 -0.0019456214732775
15 0.9999993926639335 0.0000180344363402 -0.0011019739213959 -0.0000161548852985 0.9999985453205469 0.0017056071675049 0.0011020030780410 -0.0017055883293658 0.9999979382767080 -0.0006867782900275 0.0008371123723370 -0.0012131687282042
16 0.9999994013560467 0.0000704744950817 -0.0010919344731463 -0.0000689211233387 0.9999989857869620 0.0014225592873827 0.0010920336198396 -0.0014224831784257 0.9999983920007973 -0.0007305645796651 0.0010223448894029 -0.0017611454031220
17 0.9999993918443706 -0.0000271342316901 -0.0011025310074489 0.0000285628860737 0.9999991600427609 0.0012958001135015 0.0011024949208295 -0.0012958308169209 0.9999985526626743 -0.0004128762233546 0.0005045838586854 -0.0005040543227246
18 0.9999994877946105 -0.0000123261284839 -0.0010120566107584 0.0000134784557688 0.9999993517031710 0.0011386007065652 0.0010120419201067 -0.0011386137643280 0.9999988396642506 -0.0003570038558125 0.0005324729335132 -0.0006735764015090
19 0.9999995665751926 0.0000582945939989 -0.0009292207311003 -0.0000573914957452 0.9999995260729669 0.0009718847965450 0.0009292769463471 -0.0009718310459384 0.9999990959939790 -0.0002871758240632 0.0006090786798678 -0.0013682244070974
20 0.9999996482430582 -0.0000105060500879 -0.0008386914705402 0.0000111567551457 0.9999996989610017 0.0007758565800576 0.0008386830668732 -0.0007758656642200 0.9999993473213792 -0.0000703264228485 0.0005222568730637 -0.0002846047167175
21 0.9999997836666751 -0.0000395581896459 -0.0006565833935208 0.0000399572261186 0.9999998145248011 0.0006077448341316 0.0006565592304555 -0.0006077709379072 0.9999995997721518 -0.0002262727591574 0.0006138542856471 0.0001535622521087
22 0.9999998716225167 0.0000040671681472 -0.0005066936038177 -0.0000038281803909 0.9999998887604461 0.0004716613620709 0.0005066954657794 -0.0004716593618057 0.9999997603985470 -0.0001015427333564 0.0005915866717027 -0.0009659807409264
23 0.9999999146175070 -0.0000063487227436 -0.0004131884222986 0.0000064603209894 0.9999999635049157 0.0002700896731844 0.0004131866924948 -0.0002700923194533 0.9999998781634406 -0.0001043772144228 0.0008106451620197 -0.0007249524748796
24 0.9999999279634900 0.0000222456437303 -0.0003789170701204 -0.0000221587230244 0.9999999734434439 0.0002293950791745 0.0003789221630989 -0.0002293866663312 0.9999999018998710 0.0001346036796102 0.0002208602747338 -0.0002861736538791
25 0.9999999573729866 0.0000515335636923 -0.0002873992285526 -0.0000515001533324 0.9999999919160356 0.0001162568834297 0.0002874052173607 -0.0001162420773697 0.9999999519430091 0.0001387602167429 0.0004274034600621 -0.0009348459747940
26 0.9999999740382587 0.0001341579620729 -0.0001841877390200 -0.0001341502248332 0.9999999901190576 0.0000420190665262 0.0001841933743924 -0.0000419943566088 0.9999999821546373 0.0001452627745202 0.0003158996080226 0.0003260727638933
27 0.9999999952289967 -0.0000131714568787 -0.0000967911115264 0.0000131696586859 0.9999999997406962 -0.0000185786916741 0.0000967913562097 0.0000185774168795 0.9999999951431565 0.0005588291010107 0.0001059530953731 0.0002733233109418
28 0.9999999925414590 0.0001109184084697 0.0000511291372300 -0.0001109120384419 0.9999999860900384 -0.0001245730423137 -0.0000511429539624 0.0001245673705477 0.9999999909336842 0.0006369344023953 0.0004656486676652 -0.0002361302701517
29 0.9999999872743396 0.0000391715664178 0.0001546509261969 -0.0000391485395163 0.9999999881486565 -0.0001488962012370 -0.0001546567568615 0.0001488901449843 0.9999999769565059 0.0007644926748777 0.0003439633897495 -0.0003139099125581
30 0.9999999855396872 0.0000952464451021 0.0001408855569381 -0.0000952157740074 0.9999999717718824 -0.0002176928817557 -0.0001409062874343 0.0002176794640804 0.9999999663805340 0.0009409257086309 0.0003096584225323 -0.0007721810543227
31 0.9999999677942514 0.0001166036882990 0.0002254219953835 -0.0001165243763408 0.9999999313227875 -0.0003518188313166 -0.0002254630032754 0.0003517925528286 0.9999999127042132 0.0005747908259789 0.0006155080622324 -0.0005114482662412
32 0.9999999574293230 0.0000320582687819 0.0002900234809405 -0.0000319412796057 0.9999999181346101 -0.0004033739304627 -0.0002900363886675 0.0004033646495697 0.9999998765879187 0.0007791607625175 0.0005224344415808 -0.0005320387662101
33 0.9999999249281402 0.0000742593806095 0.0003803015362960 -0.0000741043458661 0.9999999141607087 -0.0004076605466529 -0.0003803317762709 0.0004076323340525 0.9999998445917980 0.0011073129139429 0.0001586743578111 -0.0003507084317452
34 0.9999998539107166 0.0000796671404891 0.0005346322964704 -0.0000794308835946 0.9999998992022205 -0.0004419120765685 -0.0005346674484521 0.0004418695456942 0.9999997594409832 0.0009653679944209 0.0000926390099020 -0.0006770421081076
35 0.9999998357795320 0.0000994157048632 0.0005644089179621 -0.0000991640990108 0.9999998957157785 -0.0004457969419806 -0.0005644531783204 0.0004457408996698 0.9999997413537965 0.0010858876996484 0.0000217238715121 0.0001895250038468
36 0.9999998177208391 0.0001455994010116 0.0005859685171053 -0.0001453076264561 0.9999998654670698 -0.0004979473225851 -0.0005860409391051 0.0004978620861253 0.9999997043446368 0.0008595873847116 0.0003964961415701 -0.0008880661414539
37 0.9999998082758247 0.0002219977214663 0.0005780703465156 -0.0002217209351982 0.9999998607804491 -0.0004788307730923 -0.0005781765653775 0.0004787025109910 0.9999997182778428 0.0010047224277710 0.0002404073283141 -0.0003265966354305
38 0.9999998677991170 0.0000907801311046 0.0005061232225129 -0.0000905853354900 0.9999999218279579 -0.0003848874835765 -0.0005061581230845 0.0003848415853522 0.9999997978504338 0.0015058549830899 -0.0002044824169461 -0.0000305189085883
39 0.9999998593863598 0.0001807790176501 0.0004985440876258 -0.0001805831940814 0.9999999065458192 -0.0003928079210619 -0.0004986150524648 0.0003927178371441 0.9999997985778446 0.0014787434036719 0.0000313158225286 -0.0001628160148559
40 0.9999998245718190 0.0002144142437177 0.0005521619900981 -0.0002141720766823 0.9999998808795245 -0.0004386014799410 -0.0005522559667289 0.0004384831453178 0.9999997513729083 0.0010775377844614 0.0003587479328239 -0.0000031928966276
41 0.9999998397559120 0.0002329957040546 0.0005159468501322 -0.0002327678343085 0.9999998753735684 -0.0004416695405429 -0.0005160496929371 0.0004415493739371 0.9999997693634057 0.0011879455895035 0.0003930361891793 -0.0007934609257890
42 0.9999998586211708 0.0001993863272470 0.0004929530716037 -0.0001991862199769 0.9999998977641034 -0.0004059515151380 -0.0004930339623878 0.0004058532682861 0.9999997961002974 0.0014891135983602 0.0002949528968353 -0.0003811983115128
43 0.9999998569115067 0.0002023949364246 0.0004951901206793 -0.0002022092684198 0.9999999092566222 -0.0003749642104189 -0.0004952659666017 0.0003748640247338 0.9999998070942739 0.0017507933680630 0.0002095161582959 -0.0000931693605199
44 0.9999998567673448 0.0002764733629556 0.0004582878673305 -0.0002763218873222 0.9999999071896503 -0.0003305554497285 -0.0004583792145735 0.0003304287674137 0.9999998403526499 0.0020959214877094 0.0001525083536171 -0.0010690832280757
45 0.9999998834631032 0.0001845117693102 0.0004461268732095 -0.0001843657377383 0.9999999294253276 -0.0003273509043811 -0.0004461872418188 0.0003272686157225 0.9999998469060875 0.0021313123451032 0.0000776229069318 -0.0005100616083856
46 0.9999998640488063 0.0002301147034003 0.0004679204979197 -0.0002299407691028 0.9999999044692489 -0.0003717374554045 -0.0004680059954732 0.0003716298108672 0.9999998214308200 0.0021313500308490 0.0003416472344104 -0.0006767513274232
47 0.9999998575406017 0.0002227117109250 0.0004850961451762 -0.0002225325261007 0.9999999070104629 -0.0003694026804150 -0.0004851783703703 0.0003692946781196 0.9999998141116776 0.0020888032042710 0.0003965038070522 -0.0000376428768466
48 0.9999998787202697 0.0001657317038533 0.0004637806034398 -0.0001655568357518 0.9999999152075181 -0.0003770621842777 -0.0004638430552730 0.0003769853564985 0.9999998213658146 0.0020746432436222 0.0005302391376301 -0.0000487116033928
49 0.9999998975238179 0.0001364892804480 0.0004316515146599 -0.0001363264179343 0.9999999195269480 -0.0003773078390247 -0.0004317029783990 0.0003772489548549 0.9999998356578688 0.0021494112645796 0.0004754965240440 -0.0001140560065581
50 0.9999999053001088 0.0002326138310008 0.0003678186768218 -0.0002324909345100 0.9999999171525673 -0.0003341299505209 -0.0003678963695968 0.0003340444043709 0.9999998765332910 0.0025332917514109 0.0004130801137547 -0.0009982866180609
51 0.9999999411516234 0.0001309684362079 0.0003170867681053 -0.0001308870141107 0.9999999584640265 -0.0002567888914971 -0.0003171203861743 0.0002567473738451 0.9999999167577198 0.0028740559240737 0.0001313802391177 0.0002272999014230
52 0.9999999438617535 0.0001923504326627 0.0002743680027532 -0.0001922694325841 0.9999999379387926 -0.0002952200472698 -0.0002744247714294 0.0002951672781164 0.9999999187836581 0.0028305960302223 0.0005897455080704 -0.0001062541407207
53 0.9999999656204758 0.0001664550240559 0.0002026123692121 -0.0001664016890331 0.9999999515114965 -0.0002632251557102 -0.0002026561745374 0.0002631914316201 0.9999999448303711 0.0030849993523726 0.0004933238996808 -0.0000041254617884
54 0.9999999676919559 0.0001589741978159 0.0001983514344652 -0.0001589248652597 0.9999999564446387 -0.0002487038557454 -0.0001983909633219 0.0002486723247353 0.9999999494015490 0.0031706576314228 0.0004938520344869 -0.0001457913947576
55 0.9999999577364268 0.0002409060736886 0.0001627618144786 -0.0002408779299999 0.9999999560398346 -0.0001729108198426 -0.0001628034625902 0.0001728716068058 0.9999999718052197 0.0033671266779945 0.0001989964317693 -0.0004925928830511
56 0.9999999649344976 0.0002524927389975 0.0000798650132706 -0.0002524760507722 0.9999999463090461 -0.0002088965025577 -0.0000799177538326 0.0002088763312295 0.9999999749919152 0.0036305766853956 0.0004174936684715 -0.0003185463350861
57 0.9999999890733269 0.0001448550996906 0.0000295016326889 -0.0001448486205858 0.9999999654187931 -0.0002195023685545 -0.0000295334277061 0.0002194980928853 0.9999999754741816 0.0037563171047572 0.0003102553415315 -0.0003662954060483
58 0.9999999705675930 0.0002425231285986 0.0000068807882819 -0.0002425210590251 0.9999999258317850 -0.0002991988646257 -0.0000069533504162 0.0002991971870835 0.9999999552163461 0.0037375091905375 0.0008061868553430 -0.0008233567459932
59 0.9999999760743566 0.0001981852458050 -0.0000925953263901 -0.0001982079863249 0.9999999501858740 -0.0002456457685924 0.0000925466384105 0.0002456641158484 0.9999999655421303 0.0040259405903341 0.0005126914721776 -0.0004275350593670
60 0.9999999460063221 0.0002475149722174 -0.0002161566361761 -0.0002475628074106 0.9999999448694730 -0.0002213000390961 0.0002161018491862 0.0002213535394910 0.9999999521512996 0.0043372771774403 0.0004048623202999 -0.0001774557641215
61 0.9999999446222793 0.0002075701617613 -0.0002601347080514 -0.0002076417563669 0.9999999405681880 -0.0002752244931950 0.0002600775641986 0.0002752784927813 0.9999999282907035 0.0040729985044988 0.0007755938411197 -0.0003412929934824
62 0.9999998913867135 0.0001506058736338 -0.0004410719126113 -0.0001506811832192 0.9999999740759656 -0.0001707139393361 0.0004410461906549 0.0001707803820320 0.9999998881561531 0.0044411376419596 0.0002567050266224 0.0001335395649418
63 0.9999998131061626 0.0001505963638719 -0.0005925439859148 -0.0001506940766104 0.9999999750558120 -0.0001648625816905 0.0005925191434290 0.0001649518437475 0.9999998108559591 0.0047087839112849 0.0004162200658674 -0.0003162045735525
64 0.9999997064842316 0.0001935629594849 -0.0007413264000539 -0.0001936722402629 0.9999999703904704 -0.0001473435498675 0.0007412978578500 0.0001474870809645 0.9999997143624827 0.0050166163891109 0.0003137111556784 -0.0005150017830658
65 0.9999995935256232 0.0001880523102876 -0.0008818077550367 -0.0001882055158818 0.9999999672103402 -0.0001736605952712 0.0008817750688464 0.0001738264857661 0.9999995961284588 0.0052932055319605 0.0004685027268542 -0.0007654560474225
66 0.9999995421281253 0.0001048690120573 -0.0009511813865558 -0.0001050059055613 0.9999999841374972 -0.0001438706540436 0.0009511662838943 0.0001439704678321 0.9999995372774952 0.0055101677638522 0.0003000753012433 -0.0005594849674198
67 0.9999994790751672 0.0001828750585198 -0.0010041942577362 -0.0001830162983363 0.9999999733739877 -0.0001405598039467 0.0010041685261161 0.0001407435146415 0.9999994859182850 0.0056039399004243 0.0003167892154316 -0.0006754421722471
68 0.9999992954015632 0.0002193039946567 -0.0011666628197665 -0.0002195204061680 0.9999999587241217 -0.0001853713736914 0.0011666221189287 0.0001856273493750 0.9999993022674160 0.0060915772476459 0.0006087806885029 -0.0009594922550832
69 0.9999990729666812 0.0000871173781178 -0.0013588511105400 -0.0000874173452678 0.9999999718264623 -0.0002206927332218 0.0013588318460840 0.0002208113157890 0.9999990524087394 0.0068657670269225 0.0007384551815613 -0.0006993293146661
70 0.9999988642832039 0.0000737885031095 -0.0015053197530472 -0.0000740818567277 0.9999999782779158 -0.0001948231161076 0.0015053053446425 0.0001949344117260 0.9999988480275337 0.0076373962698198 0.0006061287122740 -0.0006817200022771
71 0.9999986233288788 0.0000429727037095 -0.0016587626997092 -0.0000432202490750 0.9999999879357759 -0.0001491993905407 0.0016587562681963 0.0001492708772793 0.9999986131219623 0.0085855014704430 0.0002477027946920 -0.0008200219622980
72 0.9999984818391385 0.0000960399251000 -0.0017398550948478 -0.0000963648675597 0.9999999779319659 -0.0001866812257688 0.0017398371276016 0.0001868486032625 0.9999984690260125 0.0093725661322186 0.0003922027232228 -0.0006988046113422
73 0.9999983413005996 0.0000647167977012 -0.0018202219056124 -0.0000651488956128 0.9999999697152356 -0.0002373292002423 0.0018202064913015 0.0002374473920315 0.9999983152321134 0.0103737873038970 0.0006156096352499 -0.0015347713279144
74 0.9999982573554028 0.0001551989286710 -0.0018604299100613 -0.0001556372935609 0.9999999601623641 -0.0002354831266660 0.0018603932892172 0.0002357722685786 0.9999982416725776 0.0114094256904789 0.0005539994258212 -0.0020353944629362
75 0.9999981444622545 0.0001588971762203 -0.0019198499251496 -0.0001593079860357 0.9999999644490312 -0.0002138291420868 0.0019198158800502 0.0002141345927438 0.9999981342249409 0.0125021201732781 0.0004117268791899 -0.0021344890043318
76 0.9999975788227358 0.0000821826421296 -0.0021989985629575 -0.0000826629078341 0.9999999727533541 -0.0002183120126745 0.0021989805615842 0.0002184932597179 0.9999975583696119 0.0137867857748054 0.0003834864145648 -0.0021956153389248
77 0.9999965910308277 0.0000966346619432 -0.0026093272055531 -0.0000972461838703 0.9999999678387721 -0.0002342341444817 0.0026093044864966 0.0002344870930979 0.9999965682670615 0.0147634317368133 0.0004272098013193 -0.0032893645130869
78 0.9999951872312063 0.0000482114607756 -0.0031021267027160 -0.0000490306367713 0.9999999639516732 -0.0002639936530638 0.0031021138633699 0.0002641444817710 0.9999951535468916 0.0160466980717231 0.0006860347690559 -0.0032773612958026
79 0.9999938743209447 0.0000959699450843 -0.0034988727265136 -0.0000966748659780 0.9999999750656792 -0.0002013022886196 0.0034988533203020 0.0002016393085583 0.9999938586646582 0.0178137682713089 0.0003161054696353 -0.0032815588260425
80 0.9999928655890806 -0.0000049899398070 -0.0037773993751605 0.0000042720049125 0.9999999819278248 -0.0001900686719178 0.0037774002553259 0.0001900511788211 0.9999928475383514 0.0193511044672548 0.0003106981913101 -0.0033399676338755
81 0.9999917636186717 0.0000833333460291 -0.0040578011745485 -0.0000839263347462 0.9999999858252333 -0.0001459654191014 0.0040577889532433 0.0001463047732542 0.9999917564378840 0.0209307769601745 0.0000835006377674 -0.0041625315325703
82 0.9999908658886916 0.0000971425932372 -0.0042730203020070 -0.0000980802577614 0.9999999711593779 -0.0002192293468597 0.0042729988822632 0.0002196464433270 0.9999908465761034 0.0222649078679967 0.0003936472317060 -0.0044865565159840
83 0.9999892163371688 0.0000440850951537 -0.0046438417155762 -0.0000447035138633 0.9999999901475282 -0.0001330659213183 0.0046438358035991 0.0001332720824228 0.9999892084555618 0.0246620848710320 -0.0000666490229066 -0.0046147872352862
84 0.9999875065555514 0.0000165988215641 -0.0049986455455698 -0.0000172505683976 0.9999999913567426 -0.0001303415999374 0.0049986433388482 0.0001304262009987 0.9999874981987410 0.0266231978102384 -0.0000247027498647 -0.0049017940110954
85 0.9999858001438010 0.0000963112822699 -0.0053282487647314 -0.0000972842042222 0.9999999786443060 -0.0001823380683319 0.0053282310897298 0.0001828538335985 0.9999857881579768 0.0286345251008659 0.0002918467093225 -0.0059273075893305
86 0.9999841063319149 -0.0000334916928292 -0.0056379040314616 0.0000322466580399 0.9999999750764413 -0.0002209236740063 0.0056379112900528 0.0002207383591554 0.9999840824887476 0.0308836796408780 0.0003818588944858 -0.0061561923066149
87 0.9999820404542645 0.0000624008658960 -0.0059929020563970 -0.0000635921848004 0.9999999782574402 -0.0001985979685879 0.0059928895334108 0.0001989755035936 0.9999820226803027 0.0339924598338997 0.0000261513133830 -0.0069834486788107
88 0.9999803691194894 -0.0000068784277052 -0.0062658860775521 0.0000058654894502 0.9999999869129776 -0.0001616775819222 0.0062658871076379 0.0001616376555602 0.9999803560730693 0.0370390511663998 -0.0002223277977241 -0.0076504566611519
89 0.9999794325821056 -0.0000719651784492 -0.0064132077608012 0.0000704653117256 0.9999999701165743 -0.0002340971817208 0.0064132244159980 0.0002336404582622 0.9999794077703432 0.0395891228103030 0.0001537992404456 -0.0081584704960013
90 0.9999773489336740 -0.0000768781163992 -0.0067302087141835 0.0000755453468673 0.9999999774885819 -0.0001982819613158 0.0067302238062206 0.0001977690340662 0.9999773322305497 0.0433661537490434 -0.0002884653510446 -0.0095236710259633
91 0.9999752389903018 -0.0002897891792430 -0.0070311754721514 0.0002884600763132 0.9999999403371513 -0.0001900433587780 0.0070312301251604 0.0001880104396993 0.9999752629215393 0.0468633906244657 -0.0002860801509550 -0.0105765485136091
92 0.9999726003473616 -0.0003299276203728 -0.0073952486301163 0.0003284422922562 0.9999999256481906 -0.0002020625492565 0.0073953147462822 0.0001996281004009 0.9999726343597733 0.0508454629917544 -0.0002155948523425 -0.0111344189337079
93 0.9999699309170824 -0.0003769035613965 -0.0077456571955329 0.0003756491585671 0.9999999160935177 -0.0001634033883130 0.0077457181329411 0.0001604888253149 0.9999699885966288 0.0551111016138178 -0.0004636133270204 -0.0115663980929295
94 0.9999669044336741 -0.0003424547276816 -0.0081285153684245 0.0003409924755709 0.9999999254314093 -0.0001812768810343 0.0081285768414175 0.0001784991189950 0.9999669466420366 0.0594371906466768 -0.0002970264972771 -0.0127531651776919
95 0.9999629176809016 -0.0003568693215439 -0.0086044120883281 0.0003550453670066 0.9999999141790781 -0.0002135055593688 0.0086044875434736 0.0002104426854398 0.9999629585679614 0.0640667864709779 -0.0003111174829433 -0.0135687445894552
96 0.9999586107237577 -0.0003873035079664 -0.0090899304400658 0.0003852978984279 0.9999999010438889 -0.0002223909662374 0.0090900156733630 0.0002188794305409 0.9999586609989699 0.0688062609645809 -0.0003649881147195 -0.0150433692488721
97 0.9999537354453290 -0.0004053561535291 -0.0096105491685926 0.0004030735677376 0.9999998900991058 -0.0002394440964066 0.0096106451725226 0.0002355592602908 0.9999537889378702 0.0738353298094836 -0.0003634171430047 -0.0161072229007332
98 0.9999488494836651 -0.0004437809224264 -0.0101045274400760 0.0004413014292407 0.9999998719704953 -0.0002476126844536 0.0101046360321839 0.0002431408765358 0.9999489173018645 0.0790520472641875 -0.0003116553735951 -0.0173896311811462
99 0.9999433770248941 -0.0004750785587820 -0.0106309474842760 0.0004727410464707 0.9999998635293056 -0.0002223899125605 0.0106310516861424 0.0002173516349434 0.9999434651510621 0.0847422369547066 -0.0005922954997468 -0.0186213618290164
100 0.9999364601311204 -0.0005601555356011 -0.0112588598987824 0.0005570952073399 0.9999998070238321 -0.0002749495018814 0.0112590117405762 0.0002686597747364 0.9999365792271783 0.0905932695897589 -0.0005598113241500 -0.0199449905827724
101 0.9999278999744914 -0.0005683092117843 -0.0119946603638224 0.0005649923873697 0.9999998012164633 -0.0002799118364206 0.0119948170559565 0.0002731147629754 0.9999280222956652 0.0962464223308726 -0.0003428530769019 -0.0216103985006851
102 0.9999178765774436 -0.0006042742625413 -0.0128013652971757 0.0005998801855535 0.9999997598369267 -0.0003470876718393 0.0128015719589074 0.0003393798824219 0.9999179989262501 0.1022688249612124 -0.0003367130266365 -0.0226107695433297
103 0.9999083000535531 -0.0007088807560156 -0.0135236449261083 0.0007037582551274 0.9999996788120875 -0.0003835362305772 0.0135239124639301 0.0003739836835692 0.9999084777757774 0.1082711159579496 -0.0004717069438941 -0.0241738348028696
104 0.9998991571358015 -0.0006233323851614 -0.0141875655364632 0.0006183025228218 0.9999997444428875 -0.0003589096682420 0.0141877856307494 0.0003501012671992 0.9998992870124463 0.1144718770122701 -0.0008847125478463 -0.0243243230945736
105 0.9998894605801326 -0.0006596225540871 -0.0148536702150559 0.0006539190212910 0.9999997105986158 -0.0003888349240314 0.0148539224006689 0.0003790788449549 0.9998896025504737 0.1209085931213914 -0.0007137746260599 -0.0257637069075031
106 0.9998799378336911 -0.0007040257562075 -0.0154794788487401 0.0006986415942771 0.9999996935639629 -0.0003532306654630 0.0154797227887563 0.0003423736480427 0.9998801232961222 0.1272129403948848 -0.0007969060428318 -0.0274380759139557
107 0.9998690167942663 -0.0007397087851001 -0.0161679338748186 0.0007337858549854 0.9999996614876252 -0.0003722673153117 0.0161682037711764 0.0003603547533637 0.9998692211140743 0.1340588301630071 -0.0009045647185657 -0.0290275904128081
108 0.9998582967206573 -0.0008694760721104 -0.0168116177159118 0.0008629961351896 0.9999995505141166 -0.0003926948374370 0.0168119515980917 0.0003781308301756 0.9998585976529575 0.1408817952900771 -0.0009825178364036 -0.0295332941622618
109 0.9998449129169661 -0.0008347415916850 -0.0175912853578036 0.0008287792144619 0.9999995966259462 -0.0003462267444864 0.0175915672717993 0.0003315937575303 0.9998452014219510 0.1486185950257994 -0.0016567448140224 -0.0299263012084843
110 0.9998339327207647 -0.0008192848563892 -0.0182053770203610 0.0008112356354756 0.9999995699164563 -0.0004495149009222 0.0182057374712790 0.0004346714006095 0.9998341673417149 0.1555854611606288 -0.0013918324258115 -0.0317101098824447
111 0.9998241258772909 -0.0008285489071362 -0.0187358165132954 0.0008205862387570 0.9999995697125976 -0.0004326809960023 0.0187361669488760 0.0004172305454091 0.9998243755613963 0.1630161742116214 -0.0013595040992331 -0.0325185900332500
112 0.9998136102753408 -0.0009008066192142 -0.0192855711770159 0.0008933016203842 0.9999995218986263 -0.0003977621573026 0.0192859202633420 0.0003804601865412 0.9998139369550929 0.1707130886958571 -0.0015530398549571 -0.0350334184135152
113 0.9998019524768439 -0.0009268093917548 -0.0198795585424346 0.0009172085541961 0.9999994583013078 -0.0004920625560517 0.0198800038219020 0.0004737314031325 0.9998022609629360 0.1782173319573697 -0.0016289346736374 -0.0359807035925785
114 0.9997877357548590 -0.0009355296081682 -0.0205817447881524 0.0009231609465788 0.9999993875646184 -0.0006104459475512 0.0205823032734218 0.0005913161087021 0.9997879870938741 0.1864233614688560 -0.0018886861007123 -0.0374834724770911
115 0.9997762533756388 -0.0009375524068528 -0.0211320652482158 0.0009216866785110 0.9999992860539424 -0.0007605164509127 0.0211327631850902 0.0007408691448953 0.9997764037188880 0.1942236614267522 -0.0018662532885104 -0.0386968017086884
116 0.9997621450469329 -0.0010905971732692 -0.0217821929327845 0.0010717424261302 0.9999990408921270 -0.0008772587976818 0.0217831287772767 0.0008537052370315 0.9997623550064489 0.2024340624201538 -0.0020122510478317 -0.0399377787731110
117 0.9997493270269681 -0.0010729270582729 -0.0223636297736313 0.0010517589209001 0.9999989877473797 -0.0009582835636288 0.0223646353043534 0.0009345222007208 0.9997494434886971 0.2108928148704384 -0.0021423606923041 -0.0414316325272052
118 0.9997396964214350 -0.0009100001405566 -0.0227971774332088 0.0008887792291163 0.9999991623214060 -0.0009409718211537 0.0227980146209908 0.0009204652250362 0.9997396677501151 0.2191882275506133 -0.0024526014130914 -0.0427654680652003
119 0.9997258041013860 -0.0008647610393856 -0.0234001880800558 0.0008446090581332 0.9999992639460302 -0.0008710585150680 0.0234009241137213 0.0008510556635813 0.9997257986342462 0.2280285221023489 -0.0029783972848537 -0.0446776699225657
120 0.9997140811912116 -0.0008057710493915 -0.0238978367436819 0.0007854274345952 0.9999993211937591 -0.0008606484566351 0.0238985140072913 0.0008416323644477 0.9997140354537424 0.2364391844533936 -0.0030861754531564 -0.0468068252646605
121 0.9997008823561234 -0.0007335980864595 -0.0244460150175027 0.0007130771669500 0.9999993860853978 -0.0008481449058330 0.0244466222072170 0.0008304593155952 0.9997007917371992 0.2451238305834312 -0.0031831197279259 -0.0484851519610648
122 0.9996810189366455 -0.0009262674043093 -0.0252389066024232 0.0009064915405054 0.9999992731422556 -0.0007949767591315 0.0252396246183876 0.0007718443212729 0.9996811319643212 0.2540391186445419 -0.0039704440225593 -0.0500820746560211
123 0.9996539464431936 -0.0010052881324398 -0.0262864367368301 0.0009844670795466 0.9999991913891444 -0.0008050128114565 0.0262872247511578 0.0007788561023039 0.9996541277852325 0.2636942698440734 -0.0042636354524502 -0.0511018398705688
124 0.9996255223471224 -0.0011283329706430 -0.0273412131579778 0.0011039943099864 0.9999989808490913 -0.0009052609249629 0.0273422067289042 0.0008747373812220 0.9996257492510423 0.2734082931086995 -0.0035798691236570 -0.0532183210047828
125 0.9995980000932473 -0.0010941528415978 -0.0283309201957802 0.0010646594016992 0.9999988755790072 -0.0010560970975740 0.0283320438715391 0.0010255097660941 0.9995980410243813 0.2819253468781766 -0.0023129175278332 -0.0543501265510669
126 0.9995670787058681 -0.0012810462228940 -0.0293941165540243 0.0012537135110373 0.9999987644818275 -0.0009482812087660 0.0293952950291199 0.0009110188765692 0.9995674497875356 0.2894243661122503 -0.0034050419606228 -0.0549514334021361
127 0.9995251203849898 -0.0014766101854346 -0.0307791056031838 0.0014504572200814 0.9999985678864453 -0.0008720085499586 0.0307803491407161 0.0008269506749243 0.9995258307114213 0.2985235712232015 -0.0049669915461308 -0.0550920011665585
128 0.9994838452170006 -0.0015897073956896 -0.0320860714428375 0.0015565539546408 0.9999982286560012 -0.0010582176742762 0.0320876968638304 0.0010077277687689 0.9994845492526230 0.3062566570953028 -0.0050382590072033 -0.0559513611328728
129 0.9994426046332493 -0.0017386506165623 -0.0333385233317280 0.0016952491088396 0.9999976785263838 -0.0013300647736745 0.0333407584551645 0.0012728062997640 0.9994432318995200 0.3137737659206230 -0.0044529436064077 -0.0580700332988541
130 0.9993920789342359 -0.0018837329884431 -0.0348127004631123 0.0018334990419598 0.9999972315521946 -0.0014748454867181 0.0348153823010643 0.0014101198441308 0.9993927659920578 0.3238653959697988 -0.0042891382137165 -0.0601536342965450
131 0.9993436067290895 -0.0018525986564999 -0.0361790487425086 0.0018012882686152 0.9999973252975749 -0.0014507785046167 0.0361816396846277 0.0013846573272991 0.9993442708465475 0.3336252768111817 -0.0053987138795725 -0.0596431705885531
132 0.9992881868256156 -0.0018100498343087 -0.0376808093115149 0.0017555850880437 0.9999973660327723 -0.0014784615369289 0.0376833861505580 0.0014112572815964 0.9992887324297783 0.3444973343771622 -0.0063984295072306 -0.0601979005440036
133 0.9992443720818303 -0.0021063937050875 -0.0388104105665993 0.0020486408517669 0.9999967344656319 -0.0015277855651572 0.0388135019477670 0.0014471225351706 0.9992454242591852 0.3524936530413938 -0.0069094920969460 -0.0612825946864412
134 0.9991889271692695 -0.0021421701851838 -0.0402106817801185 0.0020767094233533 0.9999964497773198 -0.0016696438923142 0.0402141156846100 0.0015847837877439 0.9991898284910886 0.3619613781571560 -0.0066564492316785 -0.0635550694934112
135 0.9991294475392805 -0.0022528050832756 -0.0416565952654421 0.0021784129601351 0.9999959506973612 -0.0018311487803510 0.0416605518065616 0.0017388094022729 0.9991303093015622 0.3710336612457582 -0.0064511037776217 -0.0646167702019513
136 0.9990514346666203 -0.0023987334150285 -0.0434796155522476 0.0023380431417588 0.9999962203982360 -0.0014466317810316 0.0434829213006083 0.0013436023393257 0.9990532669922655 0.3830271137516769 -0.0098145646106928 -0.0641113363121813
137 0.9989879811865535 -0.0024872562312200 -0.0449090970879469 0.0024236389673126 0.9999959810993053 -0.0014709722614575 0.0449125752876687 0.0013606401721657 0.9989899945641856 0.3932094268016935 -0.0105009867089440 -0.0649691597588383
138 0.9989289736608324 -0.0025928195520386 -0.0461972170989384 0.0025197882934489 0.9999954821249750 -0.0016390230611562 0.0462012580767242 0.0015208604174513 0.9989309939809248 0.4027213104676009 -0.0099424371902248 -0.0670693610708565
139 0.9988643861799277 -0.0026783331409806 -0.0475685248140218 0.0026040752380828 0.9999952923613595 -0.0016229748221932 0.0475726477458496 0.0014972597319752 0.9988666584683584 0.4124469001084125 -0.0102260254512381 -0.0681374590117300
140 0.9987926474728702 -0.0026576272005171 -0.0490528732267338 0.0025823162422624 0.9999953880320601 -0.0015986110954538 0.0490568955087855 0.0014700109770447 0.9987949039070873 0.4227185933156763 -0.0106090931104746 -0.0680857820846080
141 0.9987202419600960 -0.0026190774586265 -0.0505076106387254 0.0025396017344241 0.9999954342506019 -0.0016376510558080 0.0505116691685979 0.0015072860431231 0.9987223334674089 0.4330371885583094 -0.0109145424556266 -0.0703906427673952
142 0.9986463330155860 -0.0026736021438853 -0.0519456774534658 0.0025863487828908 0.9999951296427094 -0.0017468516920524 0.0519500948458858 0.0016101373969320 0.9986483841187881 0.4433626915801924 -0.0110343996762409 -0.0714873717754616
143 0.9985820336113181 -0.0025097899428312 -0.0531753994167166 0.0024130370397311 0.9999953145851668 -0.0018836294641639 0.0531798777821966 0.0017526443325000 0.9985834110563396 0.4523189547754276 -0.0107992034794467 -0.0717111534267329
144 0.9985035953015545 -0.0024713999166069 -0.0546302329513755 0.0023641219175545 0.9999951485558627 -0.0020282485787230 0.0546349805292204 0.0018960609669387 0.9985045938078508 0.4630088143371395 -0.0103091993786969 -0.0728657854287609
145 0.9984319716567553 -0.0024435522328412 -0.0559251913370850 0.0023330608202773 0.9999951957563300 -0.0020409045710420 0.0559299097157601 0.0019072275020537 0.9984328759022523 0.4729812724203843 -0.0105728261958000 -0.0749922531766373
146 0.9983470147452645 -0.0023866857369907 -0.0574242272948581 0.0022746277804161 0.9999953795046239 -0.0020166898283304 0.0574287751713306 0.0018827375271070 0.9983478307091797 0.4844184110162319 -0.0114619023487375 -0.0760902044100941
147 0.9982652893863859 -0.0024728160583790 -0.0588242907909366 0.0023510754110750 0.9999949492239664 -0.0021386844013134 0.0588292822557498 0.0019966740591307 0.9982660611490179 0.4944398909292637 -0.0113840081940043 -0.0766325907888719
148 0.9981765122557241 -0.0025153447886049 -0.0603102265092144 0.0023820628510972 0.9999945597176567 -0.0022817343542216 0.0603156377531709 0.0021339108894821 0.9981770736030476 0.5044131270012425 -0.0109677618431563 -0.0789942671377095
149 0.9980772658793368 -0.0025420233618984 -0.0619298752788596 0.0024102442446031 0.9999946698697404 -0.0022024883178559 0.0619351439613157 0.0020489873929569 0.9980780728946782 0.5153827122446887 -0.0120812084565452 -0.0796946023923579
150 0.9979734373778886 -0.0025695073071990 -0.0635799962280575 0.0024293822064640 0.9999944472624920 -0.0022811282905652 0.0635855045608389 0.0021220453297118 0.9979741382086824 0.5264258579210422 -0.0120100414371558 -0.0816653187471915
151 0.9978738742210692 -0.0025875822206497 -0.0651232336826514 0.0024354233793143 0.9999941164084013 -0.0024157527903844 0.0651291014831107 0.0022520139502539 0.9978743049969623 0.5368238394356064 -0.0118579172550764 -0.0826615838099032
152 0.9977698302885391 -0.0025604673786679 -0.0666993985938602 0.0024086418771491 0.9999943224651773 -0.0023565826356751 0.0667050538586658 0.0021906720918246 0.9977703326645359 0.5479844339996541 -0.0125432684430261 -0.0837952845257174
153 0.9976580700670630 -0.0027133265005739 -0.0683448102591890 0.0025578627623112 0.9999939388803220 -0.0023621051433341 0.0683508051755972 0.0021817566134350 0.9976589634589202 0.5596810091559309 -0.0127196993664674 -0.0845296120377888
154 0.9975557070752282 -0.0028692674676274 -0.0698167500377999 0.0027007341399245 0.9999932074302939 -0.0025082121877455 0.0698234725342908 0.0023135249020755 0.9975566802371585 0.5702810896134334 -0.0118684746112064 -0.0856710172770776
155 0.9974472875784518 -0.0031100643307260 -0.0713388814199376 0.0029380388452745 0.9999925183296430 -0.0025161900727608 0.0713461731989378 0.0023001705583169 0.9974489624964626 0.5808512844083052 -0.0117490476694102 -0.0864229829192889
156 0.9973293657189201 -0.0034309137647809 -0.0729545413626539 0.0032494432746713 0.9999913249297749 -0.0026059899458550 0.0729628494036605 0.0023619686559818 0.9973318623762939 0.5913214252708554 -0.0113586440508316 -0.0879412386180909
157 0.9972050954727362 -0.0036794067819475 -0.0746221115283136 0.0034917738340100 0.9999904063606561 -0.0026447499205082 0.0746311267414826 0.0023767945605087 0.9972083763030242 0.6019557192671199 -0.0114488248637877 -0.0881886358548343
158 0.9970771297886710 -0.0039983470377388 -0.0762968575588237 0.0038066513840379 0.9999892227943593 -0.0026577622868891 0.0763066619478668 0.0023595584542480 0.9970816043966888 0.6131168289898994 -0.0112662474342839 -0.0889951238888404
159 0.9969557037045544 -0.0040513151317421 -0.0778647012237261 0.0038532159251864 0.9999889468874867 -0.0026942215738753 0.0778747557170531 0.0023859900583537 0.9969602948329742 0.6235395573133350 -0.0110886794301826 -0.0904933197945394
160 0.9968224581412636 -0.0039332692803815 -0.0795582575096822 0.0037384675909912 0.9999896387813564 -0.0025973428736810 0.0795676492381169 0.0022916637406827 0.9968268342455573 0.6347647487918010 -0.0118904264894921 -0.0911078304249648
161 0.9966935170545750 -0.0038625094297749 -0.0811610379571784 0.0036597121952635 0.9999897990702435 -0.0026473122410794 0.0811704353076260 0.0023415329079110 0.9966974855268833 0.6455919820351916 -0.0115439464851677 -0.0914529470145920
162 0.9965603694916152 -0.0038030294140787 -0.0827826487013485 0.0036063394743520 0.9999903083414471 -0.0025253789365678 0.0827914504905606 0.0022181502323292 0.9965644261838849 0.6562870836876772 -0.0125580562605200 -0.0924191087899720
163 0.9964086408222260 -0.0036923065948866 -0.0845942513816011 0.0034857072982673 0.9999905713238727 -0.0025898084843215 0.0846030161367487 0.0022856367524203 0.9964121163079065 0.6678990265641642 -0.0121039149917699 -0.0933335291717417
164 0.9962589323579977 -0.0039118417446646 -0.0863298163502474 0.0037133698170304 0.9999900809110117 -0.0024594642079591 0.0863385810718749 0.0021296886516493 0.9962635764920558 0.6786697333134203 -0.0127609511276023 -0.0932652404062340
165 0.9961055451612693 -0.0039433600443581 -0.0880806040540780 0.0037396131335155 0.9999899371502892 -0.0024780822771365 0.0880894896828352 0.0021390441138930 0.9961102681418843 0.6895421720277918 -0.0129918140816597 -0.0930138171739544
166 0.9959506063341453 -0.0040035338468591 -0.0898129247902844 0.0037858199118061 0.9999894685212267 -0.0025943041899178 0.0898223653120068 0.0022437832719552 0.9959552741596306 0.7002986787759203 -0.0126470764336687 -0.0939368811789861
167 0.9958007027285292 -0.0041290519551321 -0.0914544223934485 0.0039114997461223 0.9999890785599514 -0.0025579152752314 0.0914639853445254 0.0021894498786217 0.9958059779365283 0.7115723895025432 -0.0128839070141362 -0.0939022997837462
168 0.9956684501445039 -0.0041999368405713 -0.0928800189350586 0.0039880197538265 0.9999890044731842 -0.0024671098826455 0.0928893593760056 0.0020860161229410 0.9956742516764457 0.7223973085820449 -0.0131053902876814 -0.0948714164115148
