1724.4890136718750000 960.0000000000000000 506.0000000000000000 -0.0511189736425877 0.0141208125278354 0.0000000000000000 0.0000000000000000 0.0000000000000000
500
1 0.9999937217938402 -0.0027502811209450 -0.0022343515076265 0.0022184301534014 0.9775986690563820 -0.2104659612071393 0.0027631396197693 0.2104596831056874 0.9775986327969651 -0.0219961382037106 1.3677071051262770 0.8600559248342717
2 0.9999937679136913 -0.0027528404701409 -0.0022104305292181 0.0022258594781724 0.9775904226907675 -0.2105041828868728 0.0027403801491719 0.2104979508988924 0.9775904576989310 -0.0220067074771540 1.3676234489430539 0.8599049688935674
3 0.9999937144528764 -0.0027905101867071 -0.0021872603038912 0.0022674872519347 0.9775845094456954 -0.2105311981474038 0.0027257212442595 0.2105249152587811 0.9775846922384688 -0.0220018224882282 1.3675209014042868 0.8597456787131452
4 0.9999938203738569 -0.0027712425653171 -0.0021631987293285 0.0022538029960262 0.9775912508905853 -0.2105000393212213 0.0026980708206971 0.2104938630858980 0.9775914555769305 -0.0220518023554263 1.3673616987769841 0.8596861026215946
5 0.9999940156079367 -0.0027037594401213 -0.0021583403818201 0.0021891465574308 0.9776143530718274 -0.2103934036639517 0.0026788776873775 0.2103874196639199 0.9776144215699223 -0.0221647296153139 1.3671193133368202 0.8597429779710744
6 0.9999941506472040 -0.0026591043403182 -0.0021512404524822 0.0021472392985477 0.9776345704616288 -0.2102998716159887 0.0026623363371046 0.2102940222698064 0.9776345616654591 -0.0221875669999228 1.3668294725662371 0.8597843660557569
7 0.9999940276134844 -0.0026774714255325 -0.0021853796300135 0.0021580939792781 0.9776405900209658 -0.2102717750289718 0.0026995125001423 0.2102658029500360 0.9776405294084520 -0.0221605620408040 1.3665502669291727 0.8596199510483836
8 0.9999938856328123 -0.0027432052479769 -0.0021687604656517 0.0022257994379586 0.9776362717873138 -0.2102911455641044 0.0026971306701540 0.2102850325409986 0.9776363999848713 -0.0220029704390148 1.3662449488332309 0.8593499380969501
9 0.9999938421349436 -0.0027281784617239 -0.0022074271164702 0.0022032738016015 0.9776591234548785 -0.2101851181934480 0.0027315337722091 0.2101789603355186 0.9776591140860560 -0.0220533849529972 1.3658309920054867 0.8591673301763655
10 0.9999942157045122 -0.0026120619355959 -0.0021784604568548 0.0020960598037466 0.9776766847984562 -0.2101045133613257 0.0026786359992704 0.2100987318713394 0.9776765046656478 -0.0222106778399204 1.3652732894051360 0.8589356287855388
11 0.9999944654957064 -0.0025014734659027 -0.0021935378856749 0.0019859762862319 0.9777716204216006 -0.2096633353648363 0.0026692463631203 0.2096578186679826 0.9777711768073531 -0.0224071789128661 1.3642603409466907 0.8590809424877406
12 0.9999945855190240 -0.0024655415535309 -0.0021794580710043 0.0019547037845574 0.9778436039704214 -0.2093276506036704 0.0026472751557196 0.2093222570081487 0.9778431288582358 -0.0223988541424626 1.3631025468834099 0.8589561579450626
13 0.9999944206516829 -0.0025254595752933 -0.0021864856365402 0.0020126041561349 0.9779047288306845 -0.2090413613500836 0.0026661001511470 0.2090357945054365 0.9779043555100186 -0.0222518082884958 1.3618757501796723 0.8584796813596682
14 0.9999942993296883 -0.0026185867671123 -0.0021317390714510 0.0021152283124232 0.9779132540355265 -0.2090004626569856 0.0026319417379512 0.2089947620994144 0.9779132181833402 -0.0221127457793357 1.3606965056305045 0.8574557194165315
15 0.9999944949692103 -0.0026094237539930 -0.0020496192197762 0.0021236237979363 0.9779290902507439 -0.2089262660924116 0.0025495594205308 0.2089207633267322 0.9779292481553749 -0.0221504803359889 1.3593221483802336 0.8563181294857838
16 0.9999945194192386 -0.0026115076837873 -0.0020349838091862 0.0021291810680577 0.9779671035905637 -0.2087481997111902 0.0025352947492460 0.2087427228008226 0.9779673041355899 -0.0221975004284670 1.3576428700338550 0.8551721104946377
17 0.9999945501757597 -0.0026013059068118 -0.0020329354045997 0.0021200092931830 0.9779982631792792 -0.2086022597646300 0.0025308455853542 0.2085968130770279 0.9779984480533344 -0.0222029246058044 1.3558362425117860 0.8539077243230156
18 0.9999948029224646 -0.0025539803700860 -0.0019675650765699 0.0020885406614241 0.9780984023757386 -0.2081325377444216 0.0024560386737388 0.2081273467238189 0.9780986532143556 -0.0222793702806903 1.3534888200938944 0.8529427371239172
19 0.9999947681976531 -0.0026027041450250 -0.0019208093230774 0.0021468077677832 0.9781738099305617 -0.2077772576157881 0.0024196681033433 0.2077720469578689 0.9781742798240030 -0.0222817293731580 1.3510414235953654 0.8515375235864506
20 0.9999948990542312 -0.0026507214375608 -0.0017820048760595 0.0022225652005890 0.9781689404119314 -0.2077993845451151 0.0022939201047497 0.2077943639496990 0.9781698422264372 -0.0223130958221632 1.3488195031756447 0.8494273835294521
21 0.9999948625222480 -0.0026663870203588 -0.0017791316331147 0.0022384204832547 0.9781629781431462 -0.2078272784402256 0.0022944286544657 0.2078222282875165 0.9781639213479308 -0.0224065623745158 1.3464785123133569 0.8471232860690104
22 0.9999952944911090 -0.0025795621468617 -0.0016603778999185 0.0021780487006634 0.9781513499074155 -0.2078826418394725 0.0021603470780404 0.2078780472619255 0.9781523656195241 -0.0226792309719713 1.3439187516293092 0.8447367767625241
23 0.9999953933983518 -0.0025475657390933 -0.0016501790450265 0.0021486136128804 0.9781264158463724 -0.2080002357764816 0.0021439779892041 0.2079957320050929 0.9781273837420397 -0.0228067709271176 1.3412990413164250 0.8421146451936808
24 0.9999956994118543 -0.0024257371672708 -0.0016483194447015 0.0020298857306616 0.9781315447060664 -0.2079773084133091 0.0021167715315821 0.2079730680884416 0.9781322621344024 -0.0230768948577378 1.3383653412359302 0.8396312042136864
25 0.9999960853132972 -0.0023265903816634 -0.0015544565857062 0.0019526307675805 0.9781527630715269 -0.2078782319739682 0.0020041434994511 0.2078743829160616 0.9781534768818747 -0.0233974466736591 1.3351782956780049 0.8371542501704262
26 0.9999963793909756 -0.0022300263652041 -0.0015060502483373 0.0018683089859009 0.9781604907536307 -0.2078426417993904 0.0019366534210396 0.2078390755152337 0.9781611155952274 -0.0236877991169785 1.3318882815891437 0.8344132457427883
27 0.9999967308108672 -0.0020978627744387 -0.0014619642121860 0.0017484945559007 0.9781941605742990 -0.2076851631319158 0.0018657798278667 0.2076819279333716 0.9781946307742196 -0.0239852989254534 1.3282887292794137 0.8317019178638818
28 0.9999972458138162 -0.0018544628820783 -0.0014385173620864 0.0015159687505342 0.9782753472423251 -0.2073042373340581 0.0017917040853428 0.2073014856322238 0.9782754641976581 -0.0244813951568603 1.3244951158756939 0.8290883543573309
29 0.9999975513724775 -0.0017468473023427 -0.0013585924891609 0.0014272504587396 0.9782743847632741 -0.2073094090295120 0.0016912141133913 0.2073069623542339 0.9782744825223045 -0.0247676108627604 1.3204715576710606 0.8259283663170832
30 0.9999979800873121 -0.0015542673619513 -0.0012743917228369 0.0012566786192597 0.9783233759173021 -0.2070791947362678 0.0015686236462446 0.2070771749535443 0.9783233530040647 -0.0252189232377986 1.3162374124174210 0.8228855307262772
31 0.9999983724552166 -0.0014097004535065 -0.0011259802615237 0.0011462826815114 0.9783687873760012 -0.2068651781340377 0.0013932418785065 0.2068635507600227 0.9783688109522010 -0.0255676362839395 1.3118362389968241 0.8197260027520713
32 0.9999984592638538 -0.0013692707875008 -0.0010984386323396 0.0011128156692491 0.9784283271157800 -0.2065835674459673 0.0013576123175608 0.2065820267954760 0.9784283433618778 -0.0257028618663877 1.3071267304426155 0.8165095192713121
33 0.9999985552856488 -0.0013566327062580 -0.0010241944714967 0.0011160332457843 0.9784678607133290 -0.2063962209462073 0.0012821452372635 0.2063947797275446 0.9784679611539709 -0.0257777672413988 1.3024448950539320 0.8129514326228486
34 0.9999986574820842 -0.0013148100219349 -0.0009779103412840 0.0010847539719607 0.9784830377009338 -0.2063244247305035 0.0012281461027444 0.2063230869441399 0.9784831503153191 -0.0258837666996111 1.2975661853826133 0.8091046284980392
35 0.9999988098215180 -0.0012479988218864 -0.0009071132719174 0.0010340521023960 0.9784947579272368 -0.2062690947407480 0.0011450291686454 0.2062679112413240 0.9784948838396367 -0.0260738634010210 1.2926098670149231 0.8050662594347633
36 0.9999988071804283 -0.0012763504266674 -0.0008698087771767 0.0010694517682580 0.9784878723687019 -0.2063015751279814 0.0011144104431840 0.2063003988288901 0.9784880702044378 -0.0261157637744486 1.2874871033345050 0.8008153029344043
37 0.9999990376214705 -0.0011242290513869 -0.0008129361431818 0.0009322663490465 0.9784741169492327 -0.2063674716128338 0.0010274412816844 0.2063665151361997 0.9784742233676641 -0.0264592397475509 1.2823034822646653 0.7963671815153054
38 0.9999992850128309 -0.0009641678628548 -0.0007073571653245 0.0007973512229015 0.9784540263298985 -0.2064632717696724 0.0008911817179652 0.2064625601389813 0.9784540955282486 -0.0268541730808414 1.2769314897385264 0.7917877655281846
39 0.9999994318543277 -0.0008644451732492 -0.0006237191389358 0.0007171112542899 0.9784713687353501 -0.2063813613595462 0.0007886966912568 0.2063807968288549 0.9784714327244389 -0.0271477607755531 1.2713559516981505 0.7873788912002581
40 0.9999994724114087 -0.0005518094308936 -0.0008664197921219 0.0003614406567284 0.9785409459895642 -0.2060521448141235 0.0009615287597713 0.2060517229440240 0.9785406291688881 -0.0279248247700834 1.2658009596936703 0.7832231036617691
41 0.9999995219113023 -0.0007099948770950 -0.0006723722491924 0.0005558244918111 0.9784405729008061 -0.2065278101386751 0.0008045099758785 0.2065273376790996 0.9784404997519685 -0.0277733630645632 1.2597754210125147 0.7779463921204404
42 0.9999995694472102 -0.0007442277059304 -0.0005542837863903 0.0006138229241241 0.9784746854643541 -0.2063659689165128 0.0006959359251751 0.2063655398329746 0.9784747210033753 -0.0278019177981120 1.2535603792606862 0.7732224756591063
43 0.9999997458582753 -0.0005707380922675 -0.0004272486568544 0.0004701259872646 0.9784141226195996 -0.2066532933201776 0.0005359710261269 0.2066530399402566 0.9784141422825561 -0.0282324991968876 1.2477047031600748 0.7678370133936810
44 0.9999998599566751 -0.0003733862653951 -0.0003750590982097 0.0002878599233649 0.9784331086323450 -0.2065637167285442 0.0004440982941376 0.2065635798361913 0.9784330790922610 -0.0286328260690845 1.2413423151652729 0.7629165590272409
45 0.9999999156265117 -0.0002704268309913 -0.0003092188523194 0.0002007788226779 0.9784663335085847 -0.2064063804201108 0.0003583780600341 0.2064063009202874 0.9784663052479476 -0.0288672692661092 1.2348603499781092 0.7580041206653699
46 0.9999999573337136 -0.0002508321055040 -0.0001497191562992 0.0002145598820575 0.9784997300740819 -0.2062479871635258 0.0001982337709019 0.2062479462399656 0.9784997421436391 -0.0289677095525045 1.2281609568165281 0.7531217327623317
47 0.9999999620025295 -0.0002311322838973 -0.0001502424935991 0.0001951992836975 0.9785247408295116 -0.2061293125243880 0.0001946591358925 0.2061292753647684 0.9785247487649028 -0.0290951773194566 1.2212646285888162 0.7481375792544065
48 0.9999999959047670 -0.0000885658104147 -0.0000186162119828 0.0000828379851340 0.9785896896290347 -0.2058208261804857 0.0000364463213772 0.2058208237954720 0.9785896929580951 -0.0294025992757043 1.2142822652984608 0.7430791289273598
49 0.9999999906485654 -0.0000491991737489 0.0001276021568487 0.0000743814943461 0.9786389717167003 -0.2055863748030804 -0.0001147617637929 0.2055863823717919 0.9786389662245301 -0.0295857613479407 1.2071495520940847 0.7378442286623754
50 0.9999999791726928 0.0000895198059729 0.0001834143348294 -0.0000498915225472 0.9786300785945389 -0.2056287109838570 -0.0001979026272192 0.2056286975503443 0.9786300626785891 -0.0298325873105299 1.2000050491368570 0.7321469407731963
51 0.9999999678541514 0.0001517632718284 0.0002031246061699 -0.0001067577441315 0.9786353395708015 -0.2056036496415524 -0.0002299880005037 0.2056036213471238 0.9786353243136425 -0.0299069200714970 1.1928996398367873 0.7264269473993920
52 0.9999999685464230 0.0002021720350910 0.0001484372632611 -0.0001673059200059 0.9786050170753448 -0.2057478859276405 -0.0001868579193619 0.2057478546217007 0.9786050201192948 -0.0300305757228192 1.1857622585909502 0.7204283541114089
53 0.9999999719771205 0.0001968067625441 0.0001315783279495 -0.0001655111168924 0.9785891998228063 -0.2058231051078321 -0.0001692685096352 0.2058230775624000 0.9785892049736262 -0.0299952458339325 1.1784724606995964 0.7144360941309187
54 0.9999999916956229 0.0001288529407544 -0.0000023819473685 -0.0001265797205738 0.9785497511418253 -0.2060106029257865 -0.0000242142180089 0.2060106015165030 0.9785497593257485 -0.0298065985764297 1.1710351912414134 0.7082957255231656
55 0.9999999709463969 0.0000116106268508 -0.0002407745807027 -0.0000609889185498 0.9785274699086169 -0.2061164401851357 0.0002332114001985 0.2061164488812917 0.9785274421869877 -0.0295332690751266 1.1634283881056597 0.7021312818602988
56 0.9999998175968533 -0.0003097557866202 -0.0005185148143922 0.0001962413258786 0.9785314850204281 -0.2060972933181267 0.0005712229005444 0.2060971539712972 0.9785313673200923 -0.0289259279259055 1.1558666541021612 0.6961259311841158
57 0.9999992388252157 -0.0007300065185461 -0.0009947057214041 0.0005094171948394 0.9785476332822257 -0.2060200715752624 0.0011237629246935 0.2060194080377805 0.9785472603143149 -0.0282867647243828 1.1485023251230186 0.6898147741351059
58 0.9999978482014509 -0.0013568318261274 -0.0015692673014832 0.0010041664897847 0.9785178266315054 -0.2061597793315074 0.0018152801791157 0.2061577599115557 0.9785170835433179 -0.0272264434697445 1.1405223589976716 0.6836836222433293
59 0.9999960328801968 -0.0018603364686158 -0.0021150347732411 0.0013838473546104 0.9784757823773376 -0.2063570407511123 0.0024534038329673 0.2063532952227335 0.9784744750683850 -0.0261049618530327 1.1326593909436775 0.6773160015126859
60 0.9999933915891239 -0.0023097444083155 -0.0028074648438448 0.0016813042974473 0.9785140567776092 -0.2061732618563459 0.0032233513523279 0.2061671791760130 0.9785114737378736 -0.0252307811197629 1.1244521984759279 0.6714621448681961
61 0.9999909877227428 -0.0027162827116035 -0.0032628640063607 0.0019858840024317 0.9785498505023396 -0.2060005979277194 0.0037524309483648 0.2059922617237833 0.9785464257621598 -0.0244422921407596 1.1161012768420235 0.6654371543841053
62 0.9999892013530667 -0.0030070099190032 -0.0035433132239352 0.0022128097417210 0.9785595874555454 -0.2059520266272704 0.0040866429135468 0.2059419619460297 0.9785556742768994 -0.0238820631971471 1.1077071234408662 0.6591953494142013
63 0.9999880110199263 -0.0031544825108094 -0.0037452712185768 0.0023156728490943 0.9785661715184495 -0.2059196096028265 0.0043145655247857 0.2059084680138569 0.9785617442576217 -0.0236880842692262 1.0991482526988146 0.6528675376919800
64 0.9999880187023465 -0.0031530712894822 -0.0037444082574922 0.0023142913445815 0.9785576665605089 -0.2059600380443362 0.0043135260898397 0.2059489047241948 0.9785532392954289 -0.0238778805135811 1.0905711584738895 0.6463792912406916
65 0.9999888402341877 -0.0031302595558173 -0.0035384858622676 0.0023338587579000 0.9785315407004517 -0.2060839075660652 0.0041076161435103 0.2060733493916997 0.9785279261012964 -0.0240660745493829 1.0816584873402455 0.6398766055242878
66 0.9999898239226984 -0.0029695794683737 -0.0033961226172825 0.0022063259659141 0.9785507740262123 -0.2059939678204997 0.0039349938732783 0.2059843786564455 0.9785473680781812 -0.0244699634077465 1.0728879659122759 0.6334240398553613
67 0.9999904289278085 -0.0028609107385317 -0.0033101725821621 0.0021175125945304 0.9785413345363254 -0.2060397358382098 0.0038286019889182 0.2060307544848909 0.9785380268610908 -0.0248756026376412 1.0637449015513860 0.6268072186325174
68 0.9999918538859022 -0.0027371926899150 -0.0029664689472111 0.0020680255625626 0.9785867498745012 -0.2058244306206942 0.0034663283325558 0.2058166192177849 0.9785844387796345 -0.0249539024163668 1.0548905340637498 0.6202990142263225
69 0.9999928811713569 -0.0026348337517226 -0.0027009734743646 0.0020222137472112 0.9785682352206777 -0.2059128934007021 0.0031856330876339 0.2059059655964079 0.9785665971581300 -0.0251765146113238 1.0456166806700546 0.6135659380619412
70 0.9999951217850291 -0.0025346907269212 -0.0018253079366557 0.0021042577157516 0.9785443707209006 -0.2060254514129317 0.0023083556074527 0.2060206054581809 0.9785449308136208 -0.0242088811578795 1.0359862710048766 0.6066170978934881
71 0.9999955308556292 -0.0025353119754077 -0.0015844437370290 0.0021546047645097 0.9785557786607231 -0.2059707399802572 0.0020726666584881 0.2059664056172591 0.9785568679489350 -0.0242476543665958 1.0264992285194925 0.5997970998449635
72 0.9999956517325612 -0.0025379267945736 -0.0015018134223125 0.0021737978646149 0.9785159423342228 -0.2061597079950682 0.0019927666230265 0.2061555469187122 0.9785172044250591 -0.0243339966229724 1.0169974452772121 0.5927392580844572
73 0.9999957058515198 -0.0025277904727228 -0.0014827521191303 0.0021680081482645 0.9785367838174428 -0.2060608222270411 0.0019718060730792 0.2060567227525983 0.9785380621055416 -0.0244605393057073 1.0072324538097772 0.5860615943571698
74 0.9999959472591446 -0.0025332171638212 -0.0012993367873082 0.0022112368855569 0.9785509784336146 -0.2059929441462775 0.0017932921462726 0.2059892361688259 0.9785526141633171 -0.0245791438744536 0.9973381682625603 0.5792646300937194
75 0.9999965227171159 -0.0024435199108439 -0.0009918488402432 0.0021871374725032 0.9785978060399203 -0.2057706258034195 0.0014734257202027 0.2057677409709788 0.9785997474924808 -0.0247313772183114 0.9873398492739383 0.5725724777185732
76 0.9999966226890521 -0.0024522859394276 -0.0008607578991448 0.0022231448102678 0.9786671297867112 -0.2054402752680038 0.0013461937610291 0.2054376678428566 0.9786692763102589 -0.0248302939872492 0.9771230923605465 0.5659938268788438
77 0.9999959571269019 -0.0027330199404863 -0.0007850680582749 0.0025130432764273 0.9786050462211349 -0.2057324673551095 0.0013305424991418 0.2057296626948465 0.9786079580425057 -0.0247754380447606 0.9661503114911413 0.5590685857050216
78 0.9999960816419798 -0.0026985232682437 -0.0007447636252539 0.0024882736950997 0.9787167576198709 -0.2052006745799470 0.0012826514355150 0.2051980173545002 0.9787196373216782 -0.0249049077940350 0.9557016037469318 0.5527085146170643
79 0.9999961865902256 -0.0026762556421976 -0.0006815135687035 0.0024802221169699 0.9788454734053265 -0.2045858931895181 0.0012146206227522 0.2045834227146472 0.9788483783748649 -0.0250013212137708 0.9450830758919850 0.5464088867598724
80 0.9999964050049620 -0.0026313216139376 -0.0005158718020107 0.0024709612857533 0.9790091149466374 -0.2038014896945704 0.0010413104610984 0.2037994823299750 0.9790120973075654 -0.0250890403803255 0.9342993410229223 0.5402564278817813
81 0.9999960221196200 -0.0027378146031749 -0.0006783186088667 0.0025425907746214 0.9790886141488820 -0.2034183395767807 0.0012210557273536 0.2034158057163215 0.9790916805936462 -0.0253396967437619 0.9230447772806453 0.5337329105064340
82 0.9999959238943833 -0.0027647608791057 -0.0007129459307421 0.0025628730476931 0.9792406109059505 -0.2026851194199568 0.0012585214977119 0.2026824660640927 0.9792437051489367 -0.0252819743522824 0.9119649789790617 0.5275247025314802
83 0.9999952921846443 -0.0029655764866447 -0.0007880131024355 0.0027459650469972 0.9794846752218538 -0.2014999520632705 0.0013694102776085 0.2014968395822662 0.9794882073582357 -0.0249553753074526 0.9008926095451097 0.5217784221321761
84 0.9999948977479007 -0.0030660154517640 -0.0008966757580666 0.0028237541731705 0.9796600457505120 -0.2006445144340464 0.0014936165957374 0.2006409587032376 0.9796637049519139 -0.0244034136794526 0.8893306417313341 0.5158089361300570
85 0.9999942833816273 -0.0030696399761714 -0.0014179261201651 0.0027257099381679 0.9799586488308402 -0.1991823714262057 0.0020009271347375 0.1991773679212844 0.9799614137294135 -0.0245077843327970 0.8783589105666154 0.5102870997504616
86 0.9999932726036118 -0.0032799967859703 -0.0016420623016462 0.0028902597556528 0.9802260753773405 -0.1978597673830665 0.0022585716865570 0.1978536903153953 0.9802289610506906 -0.0241815113002874 0.8670210297237416 0.5046299153374435
87 0.9999924508114251 -0.0034369300284030 -0.0018126864426605 0.0030138330162234 0.9805068858029514 -0.1964616087268664 0.0024525763412920 0.1964546624668854 0.9805098421047655 -0.0239432393632401 0.8556180586680832 0.4989949662841449
88 0.9999916910247003 -0.0035605695819152 -0.0019850002047216 0.0031048812819000 0.9807783772367108 -0.1951003189570677 0.0026415135407019 0.1950925346833563 0.9807812831192476 -0.0237696529491494 0.8441663089974211 0.4933383380752974
89 0.9999916947251204 -0.0035356191437882 -0.0020272834167046 0.0030758989339770 0.9810500354296835 -0.1937301391863554 0.0026738224566200 0.1937222944853967 0.9810527627466240 -0.0237258507160355 0.8327177421240912 0.4877285729903083
90 0.9999918815632323 -0.0035165519635902 -0.0019674018180835 0.0030729402609875 0.9813567369229725 -0.1921705282660382 0.0026065006769288 0.1921629224334996 0.9813595759944660 -0.0238423902987539 0.8212361624023294 0.4821805238744418
91 0.9999919675507986 -0.0035430860370101 -0.0018738663818660 0.0031212152250686 0.9816804976199405 -0.1905089462681078 0.0025145276696715 0.1905015672743937 0.9816836710552937 -0.0238367152846185 0.8095513541109446 0.4767565185413235
92 0.9999918628303688 -0.0036011172876241 -0.0018183034207052 0.0031930693834954 0.9820107187931376 -0.1887981792372415 0.0024654778362739 0.1887908369854484 0.9820142266226966 -0.0237055224469160 0.7978258002372022 0.4713710443570987
93 0.9999917728353359 -0.0036146084491068 -0.0018408876667644 0.0032064906688577 0.9823458544277363 -0.1870463597780814 0.0024844877203417 0.1870389181277538 0.9823493627148984 -0.0236243604065824 0.7861161238296341 0.4660249797235772
94 0.9999912738994108 -0.0037952362993087 -0.0017459399949694 0.0034062176578307 0.9826931461464463 -0.1852095521242535 0.0024186372818401 0.1852019889154312 0.9826974984681029 -0.0233874181713895 0.7742752287172644 0.4608111148129211
95 0.9999913374659045 -0.0038015948386958 -0.0016949542276763 0.0034272103800316 0.9831056260305276 -0.1830070553179176 0.0023620377140343 0.1829996610483384 0.9831101387098145 -0.0231077188307322 0.7631108759860060 0.4556324165294400
96 0.9999910185783473 -0.0038666063410449 -0.0017355454597408 0.0034886742915904 0.9834813179074827 -0.1809760384101944 0.0024066396337283 0.1809683582352571 0.9834859741772167 -0.0229281318674083 0.7511610247033133 0.4505763488591942
97 0.9999908018684733 -0.0039043001462423 -0.0017755615494446 0.0035238063419245 0.9838707125298481 -0.1788463133946950 0.0024451926943345 0.1788384116077329 0.9838754207552451 -0.0229309351796384 0.7391528860309933 0.4455687471834728
98 0.9999909509856009 -0.0039259615956587 -0.0016385275289044 0.0035748089507761 0.9842693156299062 -0.1766384302760912 0.0023062280630968 0.1766309744495158 0.9842744435253490 -0.0228061602795331 0.7269724758323267 0.4404285584772926
99 0.9999910430766543 -0.0042160430641286 -0.0003724880485510 0.0040851757895162 0.9844612661345415 -0.1755543415001296 0.0011068447197558 0.1755512473941919 0.9844696716674972 -0.0208305618867312 0.7132738253710674 0.4341485406773306
100 0.9999915999493306 -0.0040928280384343 -0.0002208832854991 0.0039926636711261 0.9848689423737860 -0.1732547978681959 0.0009266431822858 0.1732524606064455 0.9848770107105885 -0.0210204477831407 0.7012614511897561 0.4290116509248832
101 0.9999921226592772 -0.0039672894227561 -0.0001234262094818 0.0038878031294239 0.9852747903052622 -0.1709341176469706 0.0007997538495943 0.1709322912838813 0.9852824530002665 -0.0211805060105741 0.6891919204372833 0.4239338157928627
102 0.9999924231781848 -0.0038917337049361 -0.0000894147187327 0.0038209799429610 0.9856846990855810 -0.1685558486106110 0.0007441091973298 0.1685542298411333 0.9856921009646801 -0.0213309807869999 0.6771919582247564 0.4188110403777244
103 0.9999931081785389 -0.0037126118633080 0.0000104200509495 0.0036627729361853 0.9861028031289822 -0.1660958932532103 0.0006063743422885 0.1660947867162491 0.9861096055387762 -0.0214766055246652 0.6651230825480849 0.4136727440301667
104 0.9999935001654080 -0.0036054899491684 -0.0000083164051533 0.0035554703125985 0.9864980719239341 -0.1637342747295648 0.0005985463995209 0.1637331809151303 0.9865044790621180 -0.0216479173938287 0.6530747866515830 0.4085761845448989
105 0.9999935240873959 -0.0035982703487140 0.0000650674132958 0.0035616488944162 0.9868993278516909 -0.1612979582729849 0.0005161786741151 0.1612971454687845 0.9869057525535040 -0.0216980321568164 0.6410351054374036 0.4034468208358885
106 0.9999935617881031 -0.0035867108241729 0.0001090312202352 0.0035585190070273 0.9873066650008828 -0.1587856611514752 0.0004618709991441 0.1587850268454120 0.9873130718900068 -0.0217166144689035 0.6288561341687698 0.3983825760428817
107 0.9999935193902557 -0.0036001330938679 -0.0000148052964106 0.0035536720707981 0.9877303092792143 -0.1561288171542995 0.0005767081615462 0.1561277527311974 0.9877367018769740 -0.0218635542192269 0.6168046632592676 0.3934323866823528
108 0.9999927858538030 -0.0037845024922822 0.0003252402742585 0.0037896352138466 0.9881768852613438 -0.1532712696500385 0.0002586605808075 0.1532713964706878 0.9881840982927368 -0.0212466199312100 0.6050358576945950 0.3884542195720350
109 0.9999926510022851 -0.0037959816754292 0.0005370889515458 0.0038335887156489 0.9886456364100107 -0.1502168739023824 0.0000392298523640 0.1502178289370633 0.9886529230880036 -0.0210097736025369 0.5930262506944464 0.3835546563680088
110 0.9999926820361597 -0.0037939542950999 0.0004917163154510 0.0038249982452726 0.9890828112019409 -0.1473111060758467 0.0000725434480122 0.1473119088725430 0.9890900849982147 -0.0211323416965462 0.5808353614413209 0.3784642158169760
111 0.9999928041403392 -0.0037331521855368 0.0006747164595995 0.0037914901079007 0.9894733333786472 -0.1446656390968853 -0.0001275550975987 0.1446671562840308 0.9894803674769848 -0.0209266864103005 0.5686339509773360 0.3733295162445834
112 0.9999932955221492 -0.0036133934220987 0.0005935475790439 0.0036610639344370 0.9898552528288558 -0.1420323028680090 -0.0000743076000117 0.1420335236312154 0.9898618452305763 -0.0211601290000416 0.5562893941230435 0.3680192184455841
113 0.9999931096012888 -0.0036162785034998 0.0008386177495346 0.0036977731956409 0.9902719957306133 -0.1390960134047762 -0.0003274497492885 0.1390981559960204 0.9902785445394485 -0.0207664424133386 0.5445991496462037 0.3628418963734386
114 0.9999935893930773 -0.0035031994279622 0.0007407877682827 0.0035716027721298 0.9905933721936563 -0.1367918660580316 -0.0002546102665386 0.1367936349387948 0.9905995339257151 -0.0210003413446026 0.5324336607430041 0.3572120041896577
115 0.9999947225175942 -0.0031473322557595 0.0008057522147619 0.0032269013530454 0.9909822818425787 -0.1339541122240505 -0.0003768880701901 0.1339560053664921 0.9909872080817365 -0.0209500708137944 0.5216761912159505 0.3514680540816882
116 0.9999941344675237 -0.0032354980515674 0.0011236471449787 0.0033550730066256 0.9913275640423810 -0.1313712459213172 -0.0006888509768645 0.1313742452772129 0.9913326047105353 -0.0203863401127979 0.5102905810799020 0.3456695564490592
117 0.9999946459846828 -0.0031137976693602 0.0010061143290795 0.0032178121660987 0.9915868949760692 -0.1294027642540210 -0.0005947157578200 0.1294053089165677 0.9915916056206684 -0.0207020226383987 0.4983471630047850 0.3399482783454417
118 0.9999942040982023 -0.0031466861379991 0.0013000524420122 0.0032861840009505 0.9919159682924447 -0.1268539035314790 -0.0008903733570559 0.1268574405102468 0.9919205598345435 -0.0200646130044913 0.4872196576831215 0.3340671799443567
119 0.9999928986578713 -0.0034104884825262 0.0016034968471619 0.0035833090685709 0.9922433264213699 -0.1242591689509217 -0.0011672745809787 0.1242640323688442 0.9922485009963419 -0.0192151125090832 0.4761451559392016 0.3283911651661768
120 0.9999928755693188 -0.0033916289428030 0.0016570044414982 0.0035680780246443 0.9925606954063033 -0.1216985404750835 -0.0012319211885726 0.1217035857634023 0.9925657255731306 -0.0190687466626093 0.4646890242225915 0.3228533510746203
121 0.9999928125576965 -0.0034375121940991 0.0015994820609035 0.0036040771256313 0.9928219800504038 -0.1195471729354908 -0.0011770560820255 0.1195520783537914 0.9928272332587723 -0.0189827814576003 0.4529017687744926 0.3171066919448799
122 0.9999925248942041 -0.0034907944224612 0.0016626815734489 0.0036613343135902 0.9931272918953439 -0.1169819504182788 -0.0012428945082748 0.1169871635989207 0.9931326491291689 -0.0188725760366035 0.4417536799218982 0.3115681527167568
123 0.9999924017070004 -0.0035926141802770 0.0015131594816222 0.0037423279913029 0.9934076306833973 -0.1145743177208764 -0.0010915628569448 0.1145791098907235 0.9934135272217601 -0.0189194941493933 0.4300459163793347 0.3059939962474601
124 0.9999925310907061 -0.0035670730256817 0.0014878685535583 0.0037115431693541 0.9936732936171082 -0.1122479843891653 -0.0010780584887818 0.1122526683075183 0.9936791113069334 -0.0186721775495612 0.4186429411850410 0.3002289360008436
125 0.9999924555086099 -0.0035672434666839 0.0015374328961277 0.0037146949194425 0.9939267686826218 -0.1099808144076848 -0.0011357673688582 0.1099856957525457 0.9939325212318552 -0.0185003889560032 0.4072859595189418 0.2942848158539369
126 0.9999921945635061 -0.0036241122428201 0.0015737288567142 0.0037725822030936 0.9941711682412933 -0.1077471849342851 -0.0011740679639248 0.1077522809419530 0.9941770805627247 -0.0182732788283257 0.3958751053970306 0.2885492797778126
127 0.9999916905104870 -0.0037596771102812 0.0015759879456259 0.0039049208866566 0.9944156866936601 -0.1054618113368309 -0.0011706847770786 0.1054670891112616 0.9944221048486150 -0.0180885172672627 0.3846550624354980 0.2827304142130969
128 0.9999920927621959 -0.0036734689238815 0.0015231674724286 0.0038112846230232 0.9946318966175061 -0.1034063070638590 -0.0011351310964353 0.1034112946303646 0.9946380324621946 -0.0179992802303114 0.3736492109002557 0.2767325221876968
129 0.9999922856954124 -0.0036407493495372 0.0014742773953469 0.0037712540365542 0.9948593237679245 -0.1011963613724312 -0.0010982680257390 0.1012011405874546 0.9948653793107597 -0.0178221371209554 0.3625180843043975 0.2707679289907702
130 0.9999930307447530 -0.0035546470246565 0.0011414667991659 0.0036502158151271 0.9950776592817440 -0.0990309442692960 -0.0007838280592660 0.0990344206975308 0.9950836995603325 -0.0182485541256199 0.3515151985362392 0.2653064979601604
131 0.9999935441930256 -0.0034554583298901 0.0009855861209164 0.0035345877940721 0.9953049193101382 -0.0967244761483110 -0.0006467313177410 0.0967273353544362 0.9953107074345342 -0.0184610322460956 0.3406192991652873 0.2591264765300120
132 0.9999937179578917 -0.0034150484552348 0.0009494676407830 0.0034895476144603 0.9955102007678882 -0.0945899742283780 -0.0006221753763291 0.0945926932227178 0.9955158639050781 -0.0181523630524916 0.3296214146390452 0.2532922144038876
133 0.9999941436692974 -0.0033427793174816 0.0007337939379070 0.0033962126937521 0.9957313135373252 -0.0922367441997588 -0.0004223345208351 0.0922386961511684 0.9957368349950126 -0.0183733577054986 0.3188950424702579 0.2471693354629322
134 0.9999941696579114 -0.0033549460706996 0.0006363859261842 0.0033985720928862 0.9959451540786890 -0.0898982745935986 -0.0003322016161965 0.0898999132593536 0.9959507494038282 -0.0182068500634318 0.3080754323928785 0.2412214279011364
135 0.9999962034188832 -0.0026077312352577 0.0008904412525582 0.0026763962352326 0.9960600996538211 -0.0886403676707849 -0.0006557827472792 0.0886424143140548 0.9960632973529162 -0.0168789783359209 0.2941682298004717 0.2360659734302051
136 0.9999972248925102 -0.0022943129895175 0.0005351029662970 0.0023317155765152 0.9963221134979460 -0.0856551764778776 -0.0003366151343074 0.0856561864834774 0.9963246982823216 -0.0174072443368591 0.2845907687259613 0.2301536575518945
137 0.9999974269336666 -0.0022037267810817 0.0005382511686622 0.0022408948882062 0.9965242172657161 -0.0832734218886912 -0.0003528684545750 0.0832744137849454 0.9965265914628808 -0.0170800728269442 0.2734521315723393 0.2241573215461199
138 0.9999975927384742 -0.0021408395307728 0.0004809608717004 0.0021727005997354 0.9967282042381536 -0.0807970683149428 -0.0003064137081396 0.0807979187992432 0.9967304562560283 -0.0168166043100489 0.2624398830432529 0.2179561858215039
139 0.9999976006877884 -0.0021466784522358 0.0004363373569510 0.0021743022540039 0.9969130390333125 -0.0784835334007928 -0.0002665114905550 0.0784842938235914 0.9969153146554814 -0.0164184685913532 0.2513940111185894 0.2117689750539248
140 0.9999979295345041 -0.0020208587422847 0.0002388653362546 0.0020331663631459 0.9971070680333892 -0.0759826369139562 -0.0000846241390182 0.0759829652474952 0.9971091122996285 -0.0162869475508596 0.2406647390409495 0.2057553481596531
141 0.9999982416541514 -0.0018704085532561 0.0001351312301670 0.0018752814119824 0.9972871991734598 -0.0735848196599128 0.0000028690300276 0.0735849436814348 0.9972889531400460 -0.0159653460992468 0.2298006278083994 0.1993999012587008
142 0.9999985071008961 -0.0017268238223692 -0.0000622532377533 0.0017180386432146 0.9974720484774887 -0.0710391501169803 0.0001847679613290 0.0710389371092286 0.9974735261024182 -0.0160040266049977 0.2191411924028552 0.1933093183432367
143 0.9999987212011205 -0.0015972398245108 -0.0000801315574516 0.0015879591426107 0.9976353903665959 -0.0687103068967908 0.0001896889161288 0.0687100917844881 0.9976366509431589 -0.0154139263559706 0.2083566526056467 0.1870120801278354
144 0.9999989909758099 -0.0013823748397198 -0.0003272417525087 0.0013576841202296 0.9978062428306912 -0.0661880537705208 0.0004180205637904 0.0661875426942426 0.9978071128484232 -0.0155730310038329 0.1977173637431413 0.1810044170014061
145 0.9999991124092524 -0.0012291318662110 -0.0005142135380288 0.0011938376364481 0.9979637715432625 -0.0637721368533685 0.0005915508473727 0.0637714663623350 0.9979643531437346 -0.0156232586323942 0.1870287047737767 0.1746052140369503
146 0.9999994244071450 -0.0009527270671290 -0.0004934536597035 0.0009206026516745 0.9981095918540923 -0.0614523810736014 0.0005510681776739 0.0614518914273023 0.9981098944324071 -0.0151603583574556 0.1763918008567213 0.1683156066009893
147 0.9999993474155268 -0.0009743345888962 -0.0005965237878690 0.0009378276690408 0.9982921801462290 -0.0584109881627782 0.0006524168788395 0.0584103906081608 0.9982924424341889 -0.0151974150365647 0.1675570452750663 0.1618993736333203
148 0.9999996458982656 -0.0007824915292775 -0.0003096939618156 0.0007639300966757 0.9984319510566990 -0.0559737038252846 0.0003530072956316 0.0559734474203608 0.9984321952790431 -0.0149360745860909 0.1572057062143835 0.1553367017809576
149 0.9999998862508100 -0.0004651203642715 0.0001056475925788 0.0004701316528683 0.9985509081850431 -0.0538132208574693 -0.0000804648746293 0.0538132644045364 0.9985510132684917 -0.0145787689270891 0.1472867923260662 0.1487666227188352
150 0.9999999243246277 -0.0001547861995177 0.0003569201189909 0.0001729580504117 0.9986735918880510 -0.0514881243679688 -0.0003484770461586 0.0514881822037937 0.9986735430845745 -0.0144375419300034 0.1373553042030027 0.1423441709816899
151 0.9999997441480626 0.0002894835938702 0.0006541429952376 -0.0002571441979325 0.9988032401023985 -0.0489082962063877 -0.0006675182924895 0.0489081154840295 0.9988030589956810 -0.0141631839755199 0.1282803893448535 0.1347250328112131
152 0.9999992433368358 0.0006510153552766 0.0010437934484584 -0.0006013310730106 0.9988987825365359 -0.0469133312392876 -0.0010731853038887 0.0469126680762636 0.9988984181823845 -0.0139464037190146 0.1187096048905133 0.1279356225727266
153 0.9999983825046675 0.0009474151491824 0.0015288533558624 -0.0008786710320788 0.9990154330943297 -0.0443552970519438 -0.0015693709778181 0.0443538819483018 0.9990146496577766 -0.0135502051576874 0.1090979131646524 0.1213887719574386
154 0.9999967304631889 0.0015376976306576 0.0020431712921166 -0.0014498107698741 0.9991021439643195 -0.0423415159699285 -0.0021064452672255 0.0423384153210393 0.9991011067336675 -0.0132912466461565 0.0995993216646269 0.1143851009481664
155 0.9999957927800129 0.0017313558849526 0.0023274082308792 -0.0016358172354674 0.9991805194781166 -0.0404427199556767 -0.0023955217063662 0.0404387425897589 0.9991791478876616 -0.0139985297470229 0.0900634790326805 0.1075252424020197
156 0.9999941902259807 0.0019723493291167 0.0027801712913410 -0.0018634296189043 0.9992510752532170 -0.0386499189565155 -0.0028543202939849 0.0386445137556906 0.9992489451644399 -0.0134578461968743 0.0810996510159774 0.1001449039030969
157 0.9999923664554259 0.0022999243539995 0.0031586989161932 -0.0021822116428483 0.9993211088342606 -0.0367771585445328 -0.0032411391860112 0.0367699848549026 0.9993184993937354 -0.0129940521709928 0.0719796543027723 0.0930527494928278
158 0.9999914528811493 0.0024341806524622 0.0033419947934145 -0.0023148104696994 0.9993751722280541 -0.0352690627411142 -0.0034257578924088 0.0352610252077058 0.9993722651165401 -0.0125737259846613 0.0631727432993478 0.0857890880594975
159 0.9999912498395362 0.0025541465240893 0.0033130921954750 -0.0024414616188319 0.9994330056296192 -0.0335813418926228 -0.0033969853585209 0.0335729592630577 0.9994304962811547 -0.0122047488982789 0.0545329851931590 0.0784324026641996
160 0.9999911129651963 0.0026322183960065 0.0032932380636489 -0.0025259734613376 0.9994891480465626 -0.0318600438673428 -0.0033754183001161 0.0318514420940734 0.9994869144655307 -0.0115813870147030 0.0465283953316038 0.0709274557139716
161 0.9999917787325618 0.0025573086382655 0.0031468460108059 -0.0024596826984730 0.9995272839622905 -0.0306456942487767 -0.0032237289448564 0.0306377020596409 0.9995253567489896 -0.0112539949527049 0.0380342303699941 0.0633885586855605
162 0.9999925217424803 0.0024262569533080 0.0030116002907882 -0.0023375978469915 0.9995737258859977 -0.0291015833708449 -0.0030809244425483 0.0290943258313545 0.9995719224292959 -0.0100654343823097 0.0298347192791922 0.0558314266190960
163 0.9999942059001677 0.0021780131473254 0.0026161851660357 -0.0021051235302068 0.9996182680766476 -0.0275478961513636 -0.0026751861646392 0.0275422291431507 0.9996170611753337 -0.0096990110707511 0.0216283914323701 0.0482530350161985
164 0.9999949907789820 0.0020383054091561 0.0024215135768284 -0.0019749894688297 0.9996634157244213 -0.0258680242535243 -0.0024734254671954 0.0258631122110606 0.9996624338211456 -0.0084837483670300 0.0137702364453650 0.0405379069786033
165 0.9999968065869312 0.0017261848407226 0.0018458336423419 -0.0016806657663383 0.9997012540786915 -0.0243839692436148 -0.0018873734451348 0.0243807891461157 0.9997009627594100 -0.0079629210764755 0.0058646852359294 0.0328796465096189
166 0.9999975462719307 0.0016314942459581 0.0014985581880994 -0.0015969384939942 0.9997392702415291 -0.0227780886902602 -0.0015353297900170 0.0227756396937686 0.9997394225491839 -0.0069228473952873 -0.0016883287600360 0.0249063168793707
167 0.9999980740890975 0.0015013332584237 0.0012640476823014 -0.0014741244166882 0.9997729420447083 -0.0212577353561576 -0.0012956756153082 0.0212558310521009 0.9997732297231130 -0.0063125054201549 -0.0093652264135989 0.0168910517268947
168 0.9999985523001819 0.0014124116332326 0.0009489419996630 -0.0013934000810608 0.9998040777874790 -0.0197449860912264 -0.0009766441289001 0.0197436352505544 0.9998045984257816 -0.0056601737034534 -0.0167602140852054 0.0089177607036532
169 0.9999988944326856 0.0013435023738040 0.0006372870452208 -0.0013317024870966 0.9998340562126085 -0.0181682857179332 -0.0006615904263848 0.0181674169549272 0.9998347399742087 -0.0050187801514818 -0.0241724642651155 0.0006812155254755
