1724.4890136718750000 960.0000000000000000 506.0000000000000000 -0.0511189736425877 0.0141208125278354 0.0000000000000000 0.0000000000000000 0.0000000000000000
500
1 0.9999937196389005 0.0022236622476280 0.0027597117539005 -0.0027546654887518 0.9775995154720024 0.2104556940711061 -0.0022299104917513 -0.2104619744160792 0.9775995012396868 -0.0219841842424709 1.3676857520973642 0.8600357804779213
2 0.9999937538787603 0.0022323865343034 0.0027401922973896 -0.0027591975690380 0.9775888975826216 0.2105049504215272 -0.0022088531504443 -0.2105111963140110 0.9775889510393434 -0.0219939850232089 1.3675958853181511 0.8598778522649282
3 0.9999937001396574 0.0022740136723115 0.0027255353263335 -0.0027968668683624 0.9775829832898522 0.2105319175750633 -0.0021856844963553 -0.2105382142128377 0.9775831847670825 -0.0219891031664333 1.3674933308277804 0.8597185557001492
4 0.9999938061473738 0.0022603305094083 0.0026978830361670 -0.0027775998068182 0.9775897243513698 0.2105008688388861 -0.0021616211975652 -0.2105070586669269 0.9775899475982746 -0.0220390799870427 1.3673341233407215 0.8596589719820448
5 0.9999940018007084 0.0021956743587950 0.0026786893651409 -0.0027101169926128 0.9776128269715475 0.2103944291244078 -0.0021567634295722 -0.2104004266982585 0.9776129135893714 -0.0221520056294097 1.3670917351035952 0.8597158368206030
6 0.9999941371161225 0.0021537684076578 0.0026621448172095 -0.0026654626092971 0.9776330440825817 0.2103010376267875 -0.0021496610104989 -0.2103069005036954 0.9776330531227291 -0.0221748374793255 1.3668018879345489 0.8597572136337795
7 0.9999940140205693 0.0021646237383380 0.0026993197477910 -0.0026838303767433 0.9776390622276846 0.2102728253034194 -0.0021837988777038 -0.2102788111309480 0.9776390195833107 -0.0221478331142151 1.3665226709114200 0.8595927828455996
8 0.9999938716032108 0.0022323300730587 0.0026969350132909 -0.0027495643108122 0.9776347418373621 0.2102920622579346 -0.0021671760707669 -0.2102981889009966 0.9776348884388482 -0.0219902380977413 1.3662173372349031 0.8593227548565753
9 0.9999938282614700 0.0022098055250232 0.0027313363965597 -0.0027345386956782 0.9776575924481097 0.2101859991214633 -0.0022058415834853 -0.2101921708535014 0.9776576013997953 -0.0220406528430970 1.3658033683387527 0.8591401226016949
10 0.9999942025284555 0.0021025932948580 0.0026784344148807 -0.0026184229595946 0.9776751525729931 0.2101057826490723 -0.0021768717654164 -0.2101115778409438 0.9776749900076742 -0.0221979379301094 1.3652456476833523 0.8589083950653685
11 0.9999944530408754 0.0019925107581713 0.0026690425921876 -0.0025078358404386 0.9777700888798486 0.2096648851173944 -0.0021919504733802 -0.2096704156355192 0.9777696621190243 -0.0223944367377973 1.3642326849275810 0.8590536634757482
12 0.9999945732774359 0.0019612413550518 0.0026470640389078 -0.0024719059050499 0.9778420704175376 0.2093293457753596 -0.0021778652105729 -0.2093347530963044 0.9778416119439968 -0.0223861020453713 1.3630748615998280 0.8589288262226692
13 0.9999944080511286 0.0020191456574032 0.0026658802086784 -0.0025318264938765 0.9779031915943701 0.2090429088109656 -0.0021848846829383 -0.2090484893998494 0.9779028353361919 -0.0222390474767646 1.3618480273889233 0.8584522853410295
14 0.9999942860626838 0.0021217733481145 0.0026317142402903 -0.0026249552913739 0.9779117104876872 0.2090019045386051 -0.0021301295034819 -0.2090076184470440 0.9779116923216499 -0.0220999772195403 1.3606687309517680 0.8574282577777705
15 0.9999944816454956 0.0021301749335488 0.0025493201660173 -0.0026157953771158 0.9779275401083095 0.2089279395204378 -0.0020479973392174 -0.2089334550819068 0.9779277156592073 -0.0221376963170454 1.3592943157843977 0.8562905897070219
16 0.9999945060675833 0.0021357360479433 0.0025350475702959 -0.0026178816739510 0.9779655467648164 0.2087499366144449 -0.0020333544185260 -0.2087554262109780 0.9779657649924569 -0.0221847098933093 1.3576149733895670 0.8551444795304889
17 0.9999945369012483 0.0021265699032588 0.0025305865139235 -0.0026076832353568 0.9779966984595473 0.2086040694482479 -0.0020312941199975 -0.2086095287916444 0.9779969009876903 -0.0221901219430067 1.3558082735407504 0.8538799950493646
18 0.9999947898571061 0.0020951092066084 0.0024557638434048 -0.0025603625719939 0.9780968308471650 0.2081346536024987 -0.0019659100035664 -0.2081398568370426 0.9780970990621092 -0.0222665477918557 1.3534607763035398 0.8529148873231375
19 0.9999947547556537 0.0021533827343733 0.0024193809082887 -0.0026090904083059 0.9781722293186793 0.2077794081158344 -0.0019191426266368 -0.2077846306455906 0.9781727169365614 -0.0222688955675670 1.3510132916888105 0.8515095430411979
20 0.9999948850961522 0.0022291496846464 0.0022936157517684 -0.0026571124657827 0.9781673471066554 0.2078017824939719 -0.0017803187572739 -0.2078068140028408 0.9781682669761431 -0.0223002411648864 1.3487912670276636 0.8493992748801944
21 0.9999948484744098 0.0022450121589398 0.0022941109494672 -0.0026727823466567 0.9781613719078962 0.2078297061100498 -0.0017774304964338 -0.2078347671292473 0.9781623333134239 -0.0223936976384804 1.3464501669309230 0.8470950391285336
22 0.9999952808171464 0.0021846518460046 0.0021600092009475 -0.0025859636086206 0.9781497294087668 0.2078855926940859 -0.0016586547715904 -0.2078901973491493 0.9781507627715068 -0.0226663410829899 1.3438902854835757 0.8447083827423315
23 0.9999953799306079 0.0021552259338381 0.0021436227777373 -0.0025539724040243 0.9781247797937107 0.2080033470366870 -0.0016484363495765 -0.2080078608002089 0.9781257651769134 -0.0227938644180027 1.3412704468046446 0.8420860972428319
24 0.9999956867398994 0.0020365086445820 0.0021163964981846 -0.0024321502235508 0.9781298935607903 0.2079807586485999 -0.0016465560686072 -0.2079850089677082 0.9781306277271024 -0.0230639676737488 1.3383366144383522 0.8396024888729346
25 0.9999960731279898 0.0019592652670893 0.0020037485404305 -0.0023330101937726 0.9781510961492098 0.2078821545143665 -0.0015526725462418 -0.2078860129535231 0.9781518260608890 -0.0233844964734600 1.3351494294786319 0.8371253563628575
26 0.9999963677572993 0.0018749559767614 0.0019362366315554 -0.0022364536695393 0.9781588064486778 0.2078469332029752 -0.0015042430628640 -0.2078505085559890 0.9781594467906675 -0.0236748251756128 1.3318592660294397 0.8343841637202437
27 0.9999967199647056 0.0017551542164186 0.0018653400512497 -0.0021042977679460 0.9781924588955839 0.2076898776799563 -0.0014601338068909 -0.2076931216807335 0.9781929437568940 -0.0239722989194248 1.3282595585702897 0.8316726321235303
28 0.9999972365297082 0.0015226821338126 0.0017911929170771 -0.0018609364945036 0.9782735997828856 0.2073096738775057 -0.0014366100063148 -0.2073124342796488 0.9782737299676078 -0.0244682976927969 1.3244657259961388 0.8290586886545145
29 0.9999975426551837 0.0014339825380940 0.0016906737338854 -0.0017533326157399 0.9782726154639410 0.2073152566939513 -0.0013566533575646 -0.2073177115622802 0.9782727257591548 -0.0247544750136213 1.3204419817136637 0.8258984747579076
30 0.9999979724700012 0.0012634267747336 0.0015680588865028 -0.0015607632305988 0.9783215872197295 0.2070855765088608 -0.0012724283966750 -0.2070876040052956 0.9783215755534176 -0.0252057544618823 1.3162076571192871 0.8228554019757559
31 0.9999983655011797 0.0011530484104492 0.0013926501111378 -0.0014162072082040 0.9783669776004144 0.2068720655336861 -0.0011239893737588 -0.2068736996826650 0.9783670114162140 -0.0255544287597707 1.3118062939648796 0.8196956271814912
32 0.9999984525330919 0.0011195991136393 0.0013569927214824 -0.0013757895906203 0.9784264945885821 0.2065906626401630 -0.0010964189088842 -0.2065922098844098 0.9784265208387660 -0.0256896205872333 1.3070965839332438 0.8164788787950871
33 0.9999985485018927 0.0011228338994776 0.0012814983971051 -0.0013631625814604 0.9784660039992110 0.2064035387429015 -0.0010221457254742 -0.2064049860392188 0.9784661143628152 -0.0257644914815400 1.3024145401759535 0.8129205201784823
34 0.9999986508390145 0.0010915375901278 0.0012275446387030 -0.0013213324032964 0.9784811654601855 0.2063319241425260 -0.0009759102574875 -0.2063332677620515 0.9784812876155593 -0.0258705568914590 1.2975356596011953 0.8090735880299054
35 0.9999988034879278 0.0010408484314610 0.0011444025758281 -0.0012545280416345 0.9784928611021816 0.2062768695987492 -0.0009050867945062 -0.2062780584711069 0.9784929960972051 -0.0260606272642662 1.2925791230086316 0.8050349540556179
36 0.9999988006040228 0.0010762639238229 0.0011137533309096 -0.0012828885420157 0.9784859477697481 0.2063094864860233 -0.0008677485261295 -0.2063106678606420 0.9784861549042947 -0.0261024971863603 1.2874561248391758 0.8007837209231902
37 0.9999990319381287 0.0009390940141058 0.0010267547117766 -0.0011307757054057 0.9784721649648424 0.2063757343665152 -0.0008108446889196 -0.2063766956113190 0.9784722796479436 -0.0264459407718904 1.2822722661077435 0.7963353173280012
38 0.9999992801719325 0.0008041970898414 0.0008904620471563 -0.0009707243927545 0.9784520452337585 0.2064719178775368 -0.0007052302957520 -0.2064726336464852 0.9784521215702454 -0.0268408351333696 1.2769000243124855 0.7917556078510888
39 0.9999994275000426 0.0007239728977236 0.0007879484948073 -0.0008710107192593 0.9784693592323312 0.2063902962442713 -0.0006215624779882 -0.2063908643974206 0.9784694296468190 -0.0271343916507942 1.2713242379035987 0.7873464307035010
40 0.9999994710279437 0.0003684539320934 0.0009603049164856 -0.0005584287156440 0.9785388716408376 0.2060615559614308 -0.0008637714988617 -0.2060619832224669 0.9785385597763746 -0.0279111062964118 1.2657689157151499 0.7831898818903302
41 0.9999995189811622 0.0005628585913914 0.0008032606365782 -0.0007166261465362 0.9784384582553549 0.2065373328331956 -0.0006696897866025 -0.2065378091224224 0.9784383909672082 -0.0277596017107747 1.2597430668120855 0.7779128687675384
42 0.9999995659721427 0.0006208724747520 0.0006946746694416 -0.0007508709585796 0.9784725391212530 0.2063756923147964 -0.0005515871008556 -0.2063761243530318 0.9784725806320237 -0.0277881299826117 1.2535277494821262 0.7731886258828422
43 0.9999997431933169 0.0004771919203012 0.0005346972708598 -0.0005773927487169 0.9784119419175227 0.2066633458811602 -0.0004245361162431 -0.2066636015389588 0.9784119661819517 -0.0282186814943686 1.2476717870619087 0.7678028549751804
44 0.9999998584633037 0.0002949415991618 0.0004428124044940 -0.0003800535780887 0.9784308958582424 0.2065740486830696 -0.0003723340573622 -0.2065741877376999 0.9784308694679759 -0.0286189807508588 1.2413091139792234 0.7628820663808736
45 0.9999999146412931 0.0002078774787737 0.0003570775270291 -0.0002771075198954 0.9784640884660396 0.2064169343676645 -0.0003064781051037 -0.2064170156970498 0.9784640625500228 -0.0288533937083450 1.2348268617258014 0.7579692879206970
46 0.9999999560418537 0.0002216822282872 0.0001969093202386 -0.0002575297775637 0.9784974501266680 0.2062587544178973 -0.0001469513674766 -0.2062587960611582 0.9784974642035089 -0.0289537864834318 1.2281271673549095 0.7530865479900903
47 0.9999999608499119 0.0002022813794429 0.0001933453340323 -0.0002377931441371 0.9785224092738313 0.2061403357020583 -0.0001474943906145 -0.2061403736078408 0.9785224190657179 -0.0290813023105191 1.2212304511683481 0.7481020785966275
48 0.9999999953394073 0.0000899317622209 0.0000351206996757 -0.0000952350494142 0.9785873215282836 0.2058320797990074 -0.0000158578297679 -0.2058320821844295 0.9785873255321426 -0.0293886966771462 1.2142477689994267 0.7430432576491892
49 0.9999999899402868 0.0000814879216305 -0.0001160997190909 -0.0000558772086350 0.9786365641562089 0.2055978408793920 0.0001303731709356 -0.2055978323238085 0.9786365588647234 -0.0295718317179294 1.2071147217518041 0.7378079756264586
50 0.9999999792192763 -0.0000427601262159 -0.0001993314287876 0.0000828368304981 0.9786276274125765 0.2056403656943133 0.0001862780352310 -0.2056403779329415 0.9786276106180994 -0.0298185330232422 1.1999698781236312 0.7321103676242768
51 0.9999999682581941 -0.0000996147162866 -0.0002314314561954 0.0001450721317639 0.9786328455128259 0.2056154970753564 0.0002060040951124 -0.2056155241230039 0.9786328289005715 -0.0298928384313042 1.1928641205205055 0.7263899930149911
52 0.9999999694442311 -0.0001601481312198 -0.0001883191786565 0.0001954699072222 0.9786024769436529 0.2057599424359919 0.0001513375444283 -0.2057599729595710 0.9786024783458420 -0.0300164650867489 1.1857263764272838 0.7203910144346026
53 0.9999999728868086 -0.0001583389085539 -0.0001707488563686 0.0001900944978628 0.9785866125326675 0.2058353848003807 0.0001345007947765 -0.2058354116779447 0.9785866160994168 -0.0299811035454625 1.1784362082345792 0.7143983574679130
54 0.9999999925421637 -0.0001193911657347 -0.0000257181308333 0.0001221284114345 0.9785471129208821 0.2060231367561845 0.0000005690602110 -0.2060231383606122 0.9785471202040913 -0.0297924234737667 1.1709985502452067 0.7082575814232017
55 0.9999999717144409 -0.0000537852212357 0.0002316857080432 0.0000048729781813 0.9785247802651016 0.2061292176848998 -0.0002377969121299 -0.2061292107254203 0.9785247528490754 -0.0295190687166497 1.1633913531115523 0.7020927156331694
56 0.9999998170350255 0.0002034550833103 0.0005696805637043 -0.0003165036556794 0.9785287440101250 0.2061101573707687 -0.0005155146472496 -0.2061102999658100 0.9785286293679160 -0.0289117174008140 1.1558292289105003 0.6960869313962017
57 0.9999992368603899 0.0005166330351490 0.0011222160864483 -0.0007367622889854 0.9785448440109381 0.2060326319808063 -0.0009916955012601 -0.2060333015556365 0.9785444778803450 -0.0282725744651196 1.1484645262460134 0.6897753505746502
58 0.9999978433513260 0.0010113989567510 0.0018139362852840 -0.0013636539710558 0.9785149098915833 0.2061715585809884 -0.0015664420014832 -0.2061735875227886 0.9785141787769042 -0.0272124892188422 1.1404838460542892 0.6836439314853071
59 0.9999960261585999 0.0013910864924301 0.0024520492203992 -0.0018671706690046 0.9784728006189252 0.2063673717491454 -0.0021121886046210 -0.2063711300723231 0.9784715097190980 -0.0260910196157468 1.1326204248787426 0.6772758668420213
60 0.9999933837723423 0.0016885490088013 0.0032219891039532 -0.0023165938029065 0.9785110149954831 0.2061815387605349 -0.0028046041955064 -0.2061876386565268 0.9785084526260119 -0.0252168630369761 1.1244127898362084 0.6714215459978672
61 0.9999909784369445 0.0019931363447405 0.0037510601479581 -0.0027231459862793 0.9785467464109087 0.2060069163027350 -0.0032599878312251 -0.2060152724827359 0.9785433459909705 -0.0244283859096916 1.1160614104901043 0.6653960754989323
62 0.9999891908987683 0.0022200725360029 0.0040852617494644 -0.0030138867302812 0.9785564183931235 0.2059569190593012 -0.0035404198061510 -0.2059670053662901 0.9785525321248926 -0.0238681566007470 1.1076667849433426 0.6591537846319899
63 0.9999880001480310 0.0023229484344344 0.0043131740647174 -0.0031613740935278 0.9785629365542338 0.2059237356794874 -0.0037423620592299 -0.2059349001818914 0.9785585376528539 -0.0236741723786191 1.0991074312316174 0.6528254783847443
64 0.9999880078409192 0.0023215823790468 0.0043121258802424 -0.0031599772734003 0.9785543639301009 0.2059644905729803 -0.0037414860659036 -0.2059756468338260 0.9785499650980555 -0.0238639544657268 1.0905298430910366 0.6463367313211804
65 0.9999888278440563 0.0023408469021818 0.0041066559206880 -0.0031369572230240 0.9785281763038189 0.2060892226170574 -0.0035360552104419 -0.2060998025600769 0.9785245871710357 -0.0240527202883611 1.0816167674889636 0.6398330965117145
66 0.9999898121924353 0.0022133160919707 0.0039340492135781 -0.0029762813106816 0.9785473438921206 0.2060005764827745 -0.0033937090178031 -0.2060101866256928 0.9785439620914074 -0.0244566118537403 1.0728457576702162 0.6333799811528554
67 0.9999904164086270 0.0021243915178720 0.0038280610731390 -0.0028675876514999 0.9785377656329276 0.2060476114182805 -0.0033081765312410 -0.2060566140428317 0.9785344796057223 -0.0248628305506058 1.0637018612569471 0.6267627681171197
68 0.9999918399544049 0.0020747472752933 0.0034663306748768 -0.0027438237284065 0.9785830713937654 0.2058340200571614 -0.0029650389460111 -0.2058418514425289 0.9785807788520886 -0.0249419009679143 1.0548467946162161 0.6202540941830417
69 0.9999928634742363 0.0020282018284684 0.0031873810472560 -0.0026411074661783 0.9785641024750924 0.2059255251261214 -0.0027013981471651 -0.2059324737491874 0.9785624756261557 -0.0251667233683937 1.0455707897701996 0.6135188542752035
70 0.9999951016907997 0.0021097093312032 0.0023120815177648 -0.0025408309481418 0.9785400813544758 0.2060409021550548 -0.0018277780226057 -0.2060457675112831 0.9785406485773528 -0.0242021305151281 1.0359391822330060 0.6065689151266332
71 0.9999955114236180 0.0021600374725580 0.0020763840525712 -0.0025414273268228 0.9785514220791184 0.2059870274897851 -0.0015869088691871 -0.2059913798804507 0.9785525193545764 -0.0242409289063719 1.0264516446252507 0.5997484069678569
72 0.9999956325516915 0.0021792054066649 0.0019964822408081 -0.0025440164015438 0.9785115128329305 0.2061764953479384 -0.0015042799244078 -0.2061806739663185 0.9785127831687758 -0.0243273174554692 1.0169493509341330 0.5926900652838690
73 0.9999956868374574 0.0021733893658298 0.0019755214871951 -0.0025338541346806 0.9785322844737563 0.2060780139311225 -0.0014852237898828 -0.2060821307664404 0.9785335709565910 -0.0244539121104725 1.0071838452532653 0.5860118653447413
74 0.9999959287279500 0.0022165889351927 0.0017970144732751 -0.0025392499938834 0.9785464086685052 0.2060108693526617 -0.0013018206456121 -0.2060145936953575 0.9785480532133021 -0.0245725753074115 0.9972890444174887 0.5792143714853741
75 0.9999965055638778 0.0021924657245781 0.0014771438927916 -0.0024495215725772 0.9785931687126793 0.2057897227583126 -0.0009943360090735 -0.2057926219351030 0.9785951195734510 -0.0247248423423929 0.9872902129282238 0.5725216718589511
76 0.9999966058853736 0.0022284496645638 0.0013498999315891 -0.0024582587459223 0.9786624252489721 0.2054600067403342 -0.0008632390577906 -0.2054626277888331 0.9786645816623980 -0.0248237922021879 0.9770729388053684 0.5659424528478739
77 0.9999959389023868 0.0025182772817745 0.0013343381378241 -0.0027389411862471 0.9786002460128858 0.2057524160361130 -0.0007876419949650 -0.2057552351291494 0.9786031692351278 -0.0247691494686202 0.9660995218504187 0.5590166226739954
78 0.9999960638129255 0.0024934800894318 0.0012864352681220 -0.0027044129795661 0.9787118922710670 0.2052211443239299 -0.0007473346582458 -0.2052238155873507 0.9787147832778852 -0.0248986606786861 0.9556502910788625 0.5526559490470376
79 0.9999961691469343 0.0024854000555158 0.0012183915708858 -0.0026821119759747 0.9788405439220871 0.2046069301115213 -0.0006840809924979 -0.2046094141550595 0.9788434602490426 -0.0249951151568377 0.9450312379104058 0.5463557052634210
80 0.9999963883453317 0.0024761152711921 0.0010450595468413 -0.0026371441552163 0.9790041245769191 0.2038233782765974 -0.0005184274272094 -0.2038253981096175 0.9790071186250173 -0.0250828561731448 0.9342469803354440 0.5402026107014991
81 0.9999960050626321 0.0025469490599301 0.0012259319974960 -0.0027430920069674 0.9790831374777997 0.2034420933653335 -0.0006821326979957 -0.2034446434711759 0.9790862126175960 -0.0253357827249529 0.9229897290425388 0.5336766157827026
82 0.9999959067175176 0.0025672296986737 0.0012632813954847 -0.0027700113683436 0.9792350807355837 0.2027091110280791 -0.0007166486092762 -0.2027117805862528 0.9792381837052321 -0.0252779678160286 0.9119094405524593 0.5274677938045924
83 0.9999952738523638 0.0027503076233274 0.0013740745660831 -0.0029707916675686 0.9794791056109939 0.2015238349882099 -0.0007916247873796 -0.2015269646460850 0.9794826470391048 -0.0249513205700807 0.9008366200841393 0.5217208847410540
84 0.9999948814034202 0.0028279303523074 0.0014966552315263 -0.0030707434052977 0.9796540006893758 0.2006704000799299 -0.0008987223700217 -0.2006739687732886 0.9796576700842385 -0.0243965872721869 0.8892711560883381 0.5157520658948518
85 0.9999942661884039 0.0027299463087688 0.0020037423653704 -0.0030743955644575 0.9799525519657039 0.1992072889926916 -0.0014197472411611 -0.1992123070722684 0.9799553260372207 -0.0245005898051917 0.8782988565845216 0.5102297817321005
86 0.9999932542730099 0.0028945580818517 0.0022611815464985 -0.0032847775211371 0.9802199215811319 0.1978840963092189 -0.0016436681879477 -0.1978901889154447 0.9802228172644715 -0.0241739737099527 0.8669603860936346 0.5045721104330834
87 0.9999924317727084 0.0030182040267769 0.0024549626795343 -0.0034417418859756 0.9805006748222511 0.1964855747527043 -0.0018140590110247 -0.1964925370530977 0.9805036420495038 -0.0239353194062084 0.8555568020345680 0.4989366485709845
88 0.9999916714752182 0.0031093225639718 0.0026436893524862 -0.0035654136555413 0.9807721101248821 0.1951239499053133 -0.0019861534845407 -0.1951317506567793 0.9807750277611866 -0.0237613712038921 0.8441044434276275 0.4932795076712550
89 0.9999916755958269 0.0030804242355151 0.0026757663537091 -0.0035405013532906 0.9810437104681795 0.1937542335047009 -0.0020281985153672 -0.1937620941705474 0.9810464501099967 -0.0237171573574402 0.8326552415908047 0.4876692061346339
90 0.9999918628987949 0.0030775576443493 0.0026082130172735 -0.0035214774783288 0.9813503611123219 0.1921953900099713 -0.0019680783946253 -0.1922030108600306 0.9813532133150488 -0.0238332730484332 0.8211730351005344 0.4821206033379098
91 0.9999919491139477 0.0031259305093667 0.0025160019352709 -0.0035480588736100 0.9816740725101040 0.1905345812173121 -0.0018742960057241 -0.1905419741681021 0.9816772601494879 -0.0238271591733305 0.8094875836322034 0.4766960163180604
92 0.9999918444104938 0.0031978882553382 0.0024667029016718 -0.0036061429767544 0.9820042450021619 0.1888244119031366 -0.0018184733514547 -0.1888317672120890 0.9820077682209187 -0.0236955082693050 0.7977613712391475 0.4713099375867453
93 0.9999917545987299 0.0032114075365644 0.0024854770543174 -0.0036196875687078 0.9823393362593383 0.1870730507033751 -0.0018408140749090 -0.1870805048614010 0.9823428607692657 -0.0236139166843196 0.7860510458503467 0.4659632548124577
94 0.9999912549648381 0.0034112475369363 0.0024193767978588 -0.0038003778015035 0.9826865834164195 0.1852367023619517 -0.0017456008748024 -0.1852442770063523 0.9826909538171091 -0.0233765063377644 0.7742094771321196 0.4607487475389767
95 0.9999913137382600 0.0034321164675611 0.0023649576279452 -0.0038070141451725 0.9830989507664214 0.1830354054418433 -0.0016967885334763 -0.1830428189755463 0.9831034774275585 -0.0231004735341174 0.7630439782659213 0.4555721970922257
96 0.9999909946784725 0.0034936166578562 0.0024093992211857 -0.0038720305071141 0.9834746316753493 0.1810045751653477 -0.0017372224126686 -0.1810122744282387 0.9834793025603564 -0.0229206274641468 0.7510936442209079 0.4505156522776240
97 0.9999907779365231 0.0035287861565998 0.0024477970030979 -0.0039097317390515 0.9838640203020568 0.1788751060175860 -0.0017770874024761 -0.1788830266496376 0.9838687436528457 -0.0229231762597409 0.7390850258195304 0.4455075623494469
98 0.9999909273898948 0.0035798444919916 0.0023086470737841 -0.0039314072385781 0.9842626178477718 0.1766681724153379 -0.0016398704285981 -0.1766756458057088 0.9842677618433477 -0.0227980799045040 0.7269041064189570 0.4403668493383894
99 0.9999910167257671 0.0040916252059371 0.0011068292283883 -0.0042224048625589 0.9844540218941260 0.1755917141372457 -0.0003711670019192 -0.1755948102298406 0.9844624547718430 -0.0208176058741769 0.7132009649094838 0.4340837642312323
100 0.9999915742562814 0.0039990997547350 0.0009266162073195 -0.0040991712163292 0.9848617380591597 0.1732932592527200 -0.0002195718178797 -0.1732955974866150 0.9848698328611624 -0.0210074779866490 0.7011883503321059 0.4289465223348822
101 0.9999920977169970 0.0038942187032953 0.0007997276103206 -0.0039736111933634 0.9852676273714694 0.1709734273736104 -0.0001221378065193 -0.1709752540997854 0.9852753156188732 -0.0211675516219140 0.6891185740859865 0.4238683292105652
102 0.9999923987447487 0.0038273746720338 0.0007440805356868 -0.0038980358207094 0.9856775806302307 0.1685957068245677 -0.0000881445640959 -0.1685973257381474 0.9856850074869156 -0.0213180383554304 0.6771183652096090 0.4187451850269866
103 0.9999930848153018 0.0036691530498706 0.0006063311580459 -0.0037188956899212 0.9860957344175718 0.1661366075803798 0.0000116800718052 -0.1661377135973836 0.9861025605809011 -0.0214636488763233 0.6650492480688290 0.4136064985721289
104 0.9999934774121256 0.0035618950032201 0.0005983620898754 -0.0036117980595399 0.9864909870615288 0.1637757227465278 -0.0000069268801617 -0.1637768156680196 0.9864974174328394 -0.0216347189055232 0.6530001835371518 0.4085092510025865
105 0.9999935013621195 0.0035680470024808 0.0005160175547063 -0.0036045558085212 0.9868922978388722 0.1613400125317146 0.0000664149978047 -0.1613408240554716 0.9868987456077495 -0.0216848892867171 0.6409602876137054 0.4033795171938089
106 0.9999935391532239 0.0035648934501993 0.0004617212345288 -0.0035929757888484 0.9872996925247505 0.1588282332128454 0.0001103484954047 -0.1588288660011837 0.9873061223085713 -0.0217035055389170 0.6287810874913172 0.3983148787533913
107 0.9999934968302880 0.0035600498241522 0.0005764914415989 -0.0036063993957206 0.9877233895767843 0.1561713788321871 -0.0000134361910089 -0.1561724422815930 0.9877298052054880 -0.0218503451392865 0.6167292941954869 0.3933641983648602
108 0.9999927644516089 0.0037952362143179 0.0002592807484355 -0.0037901174754038 0.9881698528758552 0.1533165903509247 0.0003256592569205 -0.1533164637258117 0.9881770873161654 -0.0212353419178233 0.6049583082211867 0.3883851518866454
109 0.9999926294002696 0.0038392134973786 0.0000398102582989 -0.0038016051105140 0.9886387076346488 0.1502632808276028 0.0005375348535985 -0.1502623246399870 0.9886460159481089 -0.0209984017319535 0.5929486555493387 0.3834851545284629
110 0.9999926605171205 0.0038306087359560 0.0000731341425110 -0.0037995678349936 0.9890759755726731 0.1473576527677890 0.0004921342886505 -0.1473568491169549 0.9890832709242255 -0.0211210023409725 0.5807576487463978 0.3783942782348512
111 0.9999927828546505 0.0037971186543003 -0.0001269981768238 -0.0037387706799057 0.9894665799552086 0.1447131947872958 0.0006751536231327 -0.1447116755540751 0.9894736353869755 -0.0209152682569515 0.5685561033939149 0.3732591848830938
112 0.9999932750117392 0.0036666734021510 -0.0000737391220549 -0.0036189989464623 0.9898485784938821 0.1420798877401951 0.0005939511105030 -0.1420786653928129 0.9898551914609912 -0.0211487491628788 0.5562113551228697 0.3679484742902063
113 0.9999930890244689 0.0037033807487713 -0.0003269163964722 -0.0036218662719323 0.9902654317398338 0.1391447332306500 0.0008390399328346 -0.1391425875573332 0.9902720011894919 -0.0207550174490938 0.5445211292922975 0.3627707326892056
114 0.9999935695850563 0.0035771839362640 -0.0002540543711429 -0.0035087690827996 0.9905868748020383 0.1368405349648064 0.0007411666890461 -0.1368387636052627 0.9905930564297946 -0.0209889813166075 0.5323554263092255 0.3571404527872040
115 0.9999947060495850 0.0032321783128012 -0.0003753613704731 -0.0031527268825779 0.9909757269219281 0.1340043617378182 0.0008050999987928 -0.1340024689134884 0.9909806709210233 -0.0209412203985347 0.5215957684053951 0.3513999064768074
116 0.9999941179558626 0.0033603050035297 -0.0006873164916028 -0.0032408312043715 0.9913211003347737 0.1314228786937733 0.0011229722975869 -0.1314198781818669 0.9913261595216188 -0.0203775518979572 0.5102100440574618 0.3456011905081670
117 0.9999946303341142 0.0032229646117689 -0.0005931290328796 -0.0031190624570194 0.9915804841874530 0.1294542962901018 0.0010053617893929 -0.1294517511572846 0.9915852123594748 -0.0206934134268777 0.4982663275217346 0.3398797287077729
118 0.9999941887043916 0.0032912927371881 -0.0008887910687242 -0.0031518898058771 0.9919096508277593 0.1269066987412574 0.0012992875345047 -0.1269031598774073 0.9919142603395880 -0.0200560455420493 0.4871387142742536 0.3339983976444165
119 0.9999928833895657 0.0035881631631413 -0.0011654421209208 -0.0034154522723819 0.9922370739800742 0.1243138114017739 0.0016024531186971 -0.1243089461968664 0.9922422678153894 -0.0192071892236752 0.4760636854209653 0.3283221049509319
120 0.9999928606394969 0.0035728887102594 -0.0012300960531334 -0.0033965425134634 0.9925545418308847 0.1217536241343023 0.0016559495735284 -0.1217485768177469 0.9925595910945917 -0.0190608652050938 0.4646074707465817 0.3227840315518146
121 0.9999927974979940 0.0036088474879596 -0.0011752327193544 -0.0034423852469571 0.9928158972216086 0.1196024423156311 0.0015984167002147 -0.1195975352750255 0.9928211695064683 -0.0189749545357808 0.4528199730476154 0.3170371619818121
122 0.9999925099125230 0.0036660652087848 -0.0012410015058409 -0.0034956300303080 0.9931213408647924 0.1170375276977770 0.0016615322879110 -0.1170323129943250 0.9931267175067110 -0.0188649397239339 0.4416725328195572 0.3114987925906023
123 0.9999923846767089 0.0037473459238065 -0.0010899482172414 -0.0035977061668168 0.9934017084996404 0.1146302842198904 0.0015123157495000 -0.1146254899597944 0.9934076252740115 -0.0189111655837177 0.4299636791265070 0.3059243016934324
124 0.9999925145079439 0.0037164856317652 -0.0010764119231844 -0.0035720921753953 0.9936674683327635 0.1123040628590379 0.0014869719465983 -0.1122993771652591 0.9936733058720681 -0.0186639919579419 0.4185607049396253 0.3001590836428666
125 0.9999924392718155 0.0037195719806749 -0.0011341002976353 -0.0035721945109747 0.9939210383539266 0.1100373070545994 0.0015364978295724 -0.1100324238655725 0.9939268106217313 -0.0184923075340640 0.4072037275690590 0.2942148088059314
126 0.9999921784288094 0.0037773847236634 -0.0011723676273560 -0.0036289880488327 0.9941655330903334 0.1078040966798321 0.0015727450351750 -0.1077989989743068 0.9941714652378592 -0.0182653355081352 0.3957929060418829 0.2884791045538010
127 0.9999916740325815 0.0039096548485269 -0.0011689587164250 -0.0037644842954774 0.9944101479653706 0.1055191275621568 0.0015749677788513 -0.1055138484866086 0.9944165863731561 -0.0180806876428092 0.3845728523039306 0.2826600677621571
128 0.9999920769608982 0.0038159463524324 -0.0011333882231758 -0.0036782059300105 0.9946264449408539 0.1034635482933724 0.0015221092488750 -0.1034585597123501 0.9946326003131410 -0.0179915574917227 0.3735669868483986 0.2766620230939567
129 0.9999922703463267 0.0037758362202063 -0.0010964982614787 -0.0036454094218525 0.9948539682884613 0.1012536062115731 0.0014731726804137 -0.1012488263711704 0.9948600428807634 -0.0178145489185620 0.3624358696133486 0.2706972559538222
130 0.9999930161196373 0.0036546785467898 -0.0007816883461093 -0.0035592396200676 0.9950724200090134 0.0990868848573438 0.0011399672266122 -0.0990834106302624 0.9950784784189622 -0.0182420443476746 0.3514336575007461 0.2652360937510609
131 0.9999935300439701 0.0035389788868676 -0.0006445918382297 -0.0034599837503291 0.9952997880404418 0.0967799588711371 0.0009840643510794 -0.0967771024317728 0.9953055933040179 -0.0184545846112209 0.3405379179487083 0.2590559370667940
132 0.9999937042809434 0.0034938525033776 -0.0006199944853099 -0.0034194900656373 0.9955051672073210 0.0946454919751327 0.0009478851028368 -0.0946427760487220 0.9955108469803949 -0.0181460968864300 0.3295401464359091 0.2532215466593734
133 0.9999941302243681 0.0034004400417475 -0.0004201479881277 -0.0033471513735198 0.9957263899854315 0.0922916727785514 0.0007321847391141 -0.0922897247482239 0.9957319270824878 -0.0183671729484142 0.3188138896120854 0.2470985191488930
134 0.9999941562892984 0.0034027182700132 -0.0003299933773485 -0.0033592401084619 0.9959403406230385 0.0899530623467580 0.0006347386453308 -0.0899514281600962 0.9959459511835023 -0.0182007912355763 0.3079944109323722 0.2411504573974790
135 0.9999961918849029 0.0026810473803936 -0.0006543704124472 -0.0026124419732912 0.9960553733636361 0.0886953682012959 0.0008895856500574 -0.0886933209343936 0.9960585843508402 -0.0168701743377246 0.2940888860972707 0.2359981441384493
136 0.9999972142385738 0.0023364649623952 -0.0003353305407003 -0.0022991264904605 0.9963175379449019 0.0857092620478674 0.0005343523864358 -0.0857082523149821 0.9963201342704254 -0.0173981021966285 0.2845117993712036 0.2300857610762600
137 0.9999974167123367 0.0022456525424217 -0.0003515868484863 -0.0022085459777176 0.9965197647869926 0.0833275507472849 0.0005374879697452 -0.0833265589925310 0.9965221501166679 -0.0170709364057691 0.2733736270469740 0.2240894617671938
138 0.9999975827779669 0.0021774613552360 -0.0003051233679294 -0.0021456633537976 0.9967238803231868 0.0808511133025495 0.0004801739220040 -0.0808502631754281 0.9967261431192966 -0.0168075063043702 0.2623618547904092 0.2178883625655731
139 0.9999975906435988 0.0021790750139671 -0.0002652151593329 -0.0021515149761379 0.9969088360525802 0.0785375297777903 0.0004355345045915 -0.0785367699385030 0.9969111224564214 -0.0164094003092936 0.2513164912125228 0.2117011871578713
140 0.9999979199457282 0.0020379300135324 -0.0000833395280689 -0.0020256935029104 0.9971029936866156 0.0760362844109404 0.0002380547190485 -0.0760359574310017 0.9971050478798619 -0.0162778682162159 0.2405876182470659 0.2056876057027316
141 0.9999982326960943 0.0018800498504307 0.0000041530674005 -0.0018752513652685 0.9972832506627939 0.0736383146179215 0.0001343019178260 -0.0736381922646858 0.9972850137262587 -0.0159562918346140 0.2297239882422507 0.1993321997758650
142 0.9999984986795517 0.0017227959503369 0.0001860450381184 -0.0017316632166874 0.9974682315805745 0.0710923929125000 -0.0000630963285569 -0.0710926083473860 0.9974697173634989 -0.0159949699470370 0.2190649476803956 0.1932416533811698
143 0.9999987133716826 0.0015927289842581 0.0001909695318062 -0.0016020907304339 0.9976316967253614 0.0687635877057617 -0.0000809954988381 -0.0687638051830992 0.9976329648405119 -0.0154049100411274 0.2082809122775536 0.1869444536124228
144 0.9999989840163104 0.0013624018405600 0.0004193179840716 -0.0013871857300986 0.9978026769164444 0.0662411779343321 -0.0003281495042472 -0.0662416923062996 0.9978035530695911 -0.0155640922712891 0.1976418201684028 0.1809369415498464
145 0.9999991059840622 0.0011985740023190 0.0005928333976090 -0.0012339681006446 0.9979603329538245 0.0638251609744810 -0.0005151250362262 -0.0638258354512715 0.9979609197634666 -0.0156142861826536 0.1869536162689023 0.1745377627969280
146 0.9999994193288184 0.0009253394655728 0.0005523485307354 -0.0009575602391007 0.9981062759916040 0.0615056493710994 -0.0004943889303430 -0.0615061425635325 0.9981065824883333 -0.0151514204955045 0.1763171509138389 0.1682482055562303
147 0.9999993421622382 0.0009424824144574 0.0006537598865694 -0.0009790921568310 0.9982890145969212 0.0584643884228379 -0.0005975396549858 -0.0584649900539329 0.9982892806618502 -0.0151886384690176 0.1674823572221325 0.1618320269133724
148 0.9999996418391781 0.0007686123282754 0.0003543396736446 -0.0007872578153605 0.9984289166797947 0.0560274804247323 -0.0003107195643170 -0.0560277393145612 0.9984291641777358 -0.0149272764260899 0.1571315267697595 0.1552693995204182
149 0.9999998841271280 0.0004748482092226 -0.0000791511758735 -0.0004698951169971 0.9985479907098824 0.0538673319168070 0.0001046150537271 -0.0538672884822935 0.9985480981341138 -0.0145699323373297 0.1472130875070463 0.1486993860886434
150 0.9999999239377038 0.0001777024516919 -0.0003471979629025 -0.0001595708792380 0.9986707994143447 0.0515423023762851 0.0003558956606649 -0.0515422430531750 0.9986707518092869 -0.0144286209057683 0.1372820369527741 0.1422769889842959
151 0.9999997462138500 -0.0002523889234658 -0.0006662372451849 0.0002847067841504 0.9988005868261435 0.0489622987389125 0.0006530806095870 -0.0489624759952228 0.9988004052012267 -0.0141543053926658 0.1282074872210912 0.1346578798478352
152 0.9999992475412324 -0.0005965388812525 -0.0010719413846639 0.0006462266897638 0.9988962373881379 0.0469668960320586 0.0010427406362265 -0.0469675534085386 0.9988958712592527 -0.0139374331027916 0.1186371274951536 0.1278685500379658
153 0.9999983886443770 -0.0008738385596716 -0.0015681565040891 0.0009426165613023 0.9990130265318327 0.0444081557118310 0.0015278032164007 -0.0444095623247910 0.9990122404612730 -0.0135411603967508 0.1090258973272806 0.1213217345363277
154 0.9999967399406208 -0.0014449343364040 -0.0021052963909782 0.0015328878899677 0.9990998491462246 0.0423927079897927 0.0020421466272469 -0.0423957969703900 0.9990988069437368 -0.0132820575376640 0.0995277906227999 0.1143182683476209
155 0.9999958037528959 -0.0016309333943868 -0.0023942708415880 0.0017265518270206 0.9991783292521209 0.0404930286806123 0.0023262621065599 -0.0404969925945539 0.9991769523439821 -0.0139896317153831 0.0899926829200135 0.1074595836276722
156 0.9999942028929245 -0.0018585237096727 -0.0028530808199397 0.0019675502077374 0.9992489828340442 0.0386988249344642 0.0027790154235909 -0.0387042141729923 0.9992468468194066 -0.0134489328011730 0.0810293010134314 0.1000794487423196
157 0.9999923811366912 -0.0021772860868000 -0.0032399218920658 0.0022951290338150 0.9993191189723809 0.0368243240125678 0.0031575388023902 -0.0368314794918785 0.9993165024491243 -0.0129851012768006 0.0719097555593680 0.0929874764455999
158 0.9999914684209231 -0.0023098761199449 -0.0034245521862734 0.0024293885523785 0.9993732643378376 0.0353153875526832 0.0033408317269168 -0.0353234058245400 0.9993703496924087 -0.0125647618144806 0.0631032687722236 0.0857240264753523
159 0.9999912658516806 -0.0024365225843720 -0.0033958177290809 0.0025493512690993 0.9994311894279414 0.0336273461152802 0.0033119523637934 -0.0336357095412889 0.9994286717996407 -0.0121956855889423 0.0544639478986522 0.0783675821599424
160 0.9999911292913586 -0.0025210274149317 -0.0033742790884214 0.0026274178505498 0.9994874243615420 0.0319058806267653 0.0032921139154057 -0.0319144632401040 0.9994851819922415 -0.0115722870954969 0.0464596880375150 0.0708628376478759
161 0.9999917945158261 -0.0024547443663239 -0.0032225969518218 0.0025525093022551 0.9995256255068633 0.0306921594446459 0.0031457268285392 -0.0307001333093142 0.9995236896729914 -0.0112448890804764 0.0379659230091433 0.0633241805497503
162 0.9999925367825456 -0.0023326743526829 -0.0030797742731380 0.0024214661301425 0.9995721503086256 0.0291488049355547 0.0030104619229812 -0.0291560449607759 0.9995703387762442 -0.0100564353360972 0.0297668101065962 0.0557672735164743
163 0.9999942192765617 -0.0021002177351409 -0.0026740416834244 0.0021732202197713 0.9996167756826893 0.0275967187835880 0.0026150578074048 -0.0276023705360438 0.9996155614102128 -0.0096900113151930 0.0215609152478268 0.0481890907527087
164 0.9999950033022864 -0.0019701029472525 -0.0024722590554849 0.0020335223218299 0.9996620136491678 0.0259176243868479 0.0024203630774781 -0.0259225222782881 0.9996610248885893 -0.0084748713743741 0.0137031490560516 0.0404741873119559
165 0.9999968169465423 -0.0016758078648225 -0.0018862038022669 0.0017214004582300 0.9996999312199227 0.0244353084560867 0.0018446889293029 -0.0244384775892832 0.9996996338580265 -0.0079540836348259 0.0057980219068564 0.0328161425523206
166 0.9999975557952298 -0.0015921077264511 -0.0015341435896995 0.0016267194033568 0.9997380339488450 0.0228301830934602 0.0014973935852620 -0.0228326229129627 0.9997381802969042 -0.0069141223561116 -0.0017546265261950 0.0248430517437910
167 0.9999980827143399 -0.0014693071028046 -0.0012944899698193 0.0014965607446515 0.9997717877468172 0.0213103902233312 0.0012628830436279 -0.0213122866480988 0.9997720698060371 -0.0063038081937820 -0.0094311329638848 0.0168280232582723
168 0.9999985601295707 -0.0013886015775705 -0.0009754611444105 0.0014076424457393 0.9998030052268104 0.0197982141160105 0.0009477771523090 -0.0197995587096585 0.9998035202945489 -0.0056515089949492 -0.0168257542958696 0.0088549681339207
169 0.9999989015691605 -0.0013269214115670 -0.0006604089945502 0.0013387353558016 0.9998330691778833 0.0182220077373816 0.0006361195797054 -0.0182228718346366 0.9998337473270137 -0.0050101531089400 -0.0242376092225459 0.0006186643938264
