3582.5270996093750000 2048.0000000000000000 1080.0000000000000000 -0.0523332953453064 0.0140173910185695 0.0000000000000000 0.0000000000000000 0.0000000000000000
440
1 1.0000000000000000 -0.0000000000000000 0.0000000000000000 0.0000000000000000 1.0000000000000000 -0.0000000000000000 -0.0000000000000000 0.0000000000000000 1.0000000000000000 0.0000000000000000 0.0000000000000000 0.0000000000000000
2 0.9999999147435582 0.0000755252136725 0.0004059665239298 -0.0000756072500466 0.9999999767266096 0.0002020651482722 -0.0004059512534681 -0.0002020958250573 0.9999998971804234 -0.0001387463784919 -0.0000889872867143 -0.0016405409716274
3 0.9999996688887439 0.0000990877081283 0.0008077153140622 -0.0000992801161024 0.9999999667078260 0.0002381759969661 -0.0008076916868580 -0.0002382561081735 0.9999996454340201 -0.0003118762055836 -0.0004178416694230 -0.0033024145373784
4 0.9999992617028977 0.0001101484564777 0.0012101491548887 -0.0001104429608712 0.9999999643042340 0.0002432979310412 -0.0012101223128000 -0.0002434314038708 0.9999992381722796 -0.0005344925986889 -0.0006415848164042 -0.0052304768753997
5 0.9999986221943349 0.0001667672512304 0.0016516047092945 -0.0001671045748949 0.9999999652087960 0.0002041040613256 -0.0016515706139599 -0.0002043797708127 0.9999986152707495 -0.0006758232375015 -0.0008571632217587 -0.0071621404427881
6 0.9999977221701621 0.0002125645731902 0.0021237868982898 -0.0002128821734615 0.9999999661924506 0.0001493193825099 -0.0021237550864789 -0.0001497711587566 0.9999977336138981 -0.0008604514202617 -0.0011188351240056 -0.0091708651098591
7 0.9999967129802305 0.0002673609930164 0.0025500091830852 -0.0002677915149880 0.9999999499491420 0.0001684915960855 -0.0025499640073746 -0.0001691739130726 0.9999967345265425 -0.0011720162053790 -0.0012321818726699 -0.0113911350288586
8 0.9999957631250335 0.0003496825144089 0.0028898882540921 -0.0003500107843558 0.9999999323518156 0.0001130876427048 -0.0028898485138252 -0.0001140986556212 0.9999958178697869 -0.0013674336738145 -0.0016472027994261 -0.0135457328801636
9 0.9999947758185863 0.0003954790975502 0.0032081040847802 -0.0003956467338261 0.9999999203995399 0.0000516195302677 -0.0032080834149684 -0.0000528885365008 0.9999948526885553 -0.0016183677688236 -0.0017093381927505 -0.0160000493200991
10 0.9999929338498000 0.0004125084567667 0.0037365876468452 -0.0004126154597314 0.9999999144859889 0.0000278657018214 -0.0037365758324769 -0.0000294072787479 0.9999930185437597 -0.0018551626716309 -0.0019840335423194 -0.0183921689476125
11 0.9999903836644638 0.0004530671227333 0.0043620303507403 -0.0004534957163503 0.9999998924403822 0.0000972669485591 -0.0043619858131055 -0.0000992441752861 0.9999904815698797 -0.0020195355266318 -0.0021110907998314 -0.0208453447688190
12 0.9999880542701700 0.0005460404659384 0.0048572787411382 -0.0005468473393850 0.9999998369011406 0.0001647898045816 -0.0048571879670199 -0.0001674440260034 0.9999881897740349 -0.0023414413798825 -0.0023902510039141 -0.0233819321442672
13 0.9999860040946609 0.0005713280759218 0.0052597717652568 -0.0005720916415391 0.9999998260353917 0.0001436674634196 -0.0052596887689872 -0.0001466745241266 0.9999861569845041 -0.0026106978673521 -0.0028252400044581 -0.0259767602450341
14 0.9999847126502553 0.0005206993936617 0.0055048467669588 -0.0005213994887707 0.9999998561655512 0.0001257435886010 -0.0055047805005619 -0.0001286118906049 0.9999848403104030 -0.0028574470765498 -0.0030362964061967 -0.0287312761977205
15 0.9999835342706052 0.0005271662930260 0.0057143051518956 -0.0005278214098724 0.9999998543022124 0.0001131375857074 -0.0057142446770123 -0.0001161518554163 0.9999836668248725 -0.0032405883731776 -0.0033286983542096 -0.0315751975564149
16 0.9999814213764268 0.0005972556186224 0.0060663158265351 -0.0005983633621036 0.9999998046376904 0.0001807923336190 -0.0060662066621686 -0.0001844188358798 0.9999815833936267 -0.0036727362563627 -0.0034697638190025 -0.0345765492018897
17 0.9999782621784716 0.0006879801254748 0.0065575798791108 -0.0006897796085837 0.9999997250678443 0.0002721549693095 -0.0065573908390113 -0.0002766723381356 0.9999784618069540 -0.0041176837784147 -0.0038488649124392 -0.0374163096547882
18 0.9999745050857176 0.0007978436209634 0.0070959582954509 -0.0008005537734701 0.9999996076995393 0.0003790968519377 -0.0070956530516982 -0.0003847678830857 0.9999747515119800 -0.0048144110831121 -0.0042951159040895 -0.0406033371681823
19 0.9999707275367792 0.0008446959441075 0.0076046405783910 -0.0008481875249103 0.9999995363551620 0.0004559247564458 -0.0076042519347461 -0.0004623615716752 0.9999709803660755 -0.0051856426857369 -0.0046236077114640 -0.0438318559724547
20 0.9999678981880279 0.0008353103099442 0.0079689930420229 -0.0008388647104923 0.9999995501626967 0.0004426967379654 -0.0079686196681232 -0.0004493674336391 0.9999681490775065 -0.0057418584604156 -0.0048413039760889 -0.0471562972196671
21 0.9999655313532447 0.0008729202972439 0.0082567618094245 -0.0008764290463032 0.9999995271697810 0.0004213458689288 -0.0082563901040168 -0.0004285678115851 0.9999658235920271 -0.0061682957305555 -0.0053279714316793 -0.0505674406780461
22 0.9999627386811989 0.0009036340917862 0.0085851438324889 -0.0009082339097723 0.9999994460942379 0.0005319044864171 -0.0085846584301008 -0.0005396819857034 0.9999630055072002 -0.0069700743923907 -0.0056882661798351 -0.0540420294857878
23 0.9999562545617621 0.0009803101209146 0.0093020403610856 -0.0009870469537156 0.9999992539075048 0.0007196684965410 -0.0093013279225922 -0.0007288185649290 0.9999564761140236 -0.0075640267864500 -0.0059024545486350 -0.0577286961288073
24 0.9999482075023338 0.0010443631391269 0.0101238144245738 -0.0010529025282273 0.9999990944063505 0.0008382020907659 -0.0101229298691450 -0.0008488180679890 0.9999484015681769 -0.0083228953220947 -0.0063509953127485 -0.0612762574760855
25 0.9999391683371550 0.0012011473024603 0.0109643454139531 -0.0012109613863817 0.9999988720733053 0.0008884957163367 -0.0109632658327423 -0.0009017190665881 0.9999394950220766 -0.0090653106317477 -0.0067035205135265 -0.0650991660532411
26 0.9999290180975143 0.0013607315870090 0.0118366877161257 -0.0013709656159416 0.9999986934028816 0.0008565312658504 -0.0118355067411949 -0.0008726981594971 0.9999295771093590 -0.0100345760273961 -0.0070116262497610 -0.0690872838243199
27 0.9999182708723132 0.0014772733488098 0.0126991826184252 -0.0014876011051779 0.9999985704298813 0.0008038539329710 -0.0126979769520617 -0.0008226795527883 0.9999190390124985 -0.0108051489836337 -0.0074649653989445 -0.0729254613967214
28 0.9999069683829060 0.0016598210795702 0.0135388172781007 -0.0016710186120313 0.9999982710834431 0.0008157983347238 -0.0135374397913427 -0.0008383460553421 0.9999080132191097 -0.0117285361941848 -0.0079824550904050 -0.0770699576678904
29 0.9998928241025039 0.0018346339973260 0.0145249587405595 -0.0018475874422912 0.9999979073819798 0.0008784374220250 -0.0145233167342101 -0.0009051794060748 0.9998941213554966 -0.0126351705358824 -0.0083638191936230 -0.0811283370037788
30 0.9998782908552530 0.0019546855055369 0.0154784586103539 -0.0019695533188052 0.9999976135712141 0.0009453632111862 -0.0154765737843484 -0.0009757338013643 0.9998797545742421 -0.0136163099134638 -0.0085641551758574 -0.0854279162983926
31 0.9998631293909958 0.0020428672111638 0.0164179529175402 -0.0020582112729628 0.9999974607494223 0.0009177478213063 -0.0164160363913115 -0.0009514138243769 0.9998647951402899 -0.0143825133477629 -0.0092571971982745 -0.0897325124093030
32 0.9998477213810166 0.0021739764614466 0.0173149610318317 -0.0021913600483590 0.9999971138011374 0.0009850535688519 -0.0173127695741389 -0.0010228468800988 0.9998495995868242 -0.0152532503572768 -0.0095864728320967 -0.0941923360160439
33 0.9998324840646075 0.0022893819874901 0.0181593650580617 -0.0023091473825968 0.9999967640851384 0.0010675474779081 -0.0181568622719357 -0.0011093012969872 0.9998345352122373 -0.0161971096468260 -0.0100205796898855 -0.0987620894807412
34 0.9998165306013399 0.0023452070297711 0.0190106585968884 -0.0023668505774853 0.9999965761909145 0.0011160756212098 -0.0190079760796302 -0.0011608662437651 0.9998186581750315 -0.0171562804445044 -0.0105405892196831 -0.1034384649992575
35 0.9998000634449372 0.0023956156401153 0.0198518049860534 -0.0024193083043869 0.9999963895478555 0.0011695463145786 -0.0198489315286185 -0.0012173401161773 0.9998022494474663 -0.0181194370698952 -0.0111934852927018 -0.1081442239794348
36 0.9997825997522319 0.0025121631928174 0.0206988470394138 -0.0025407170449265 0.9999958566490462 0.0013533076656161 -0.0206953615471201 -0.0014056033696777 0.9997848399978873 -0.0189412831569901 -0.0114180401177184 -0.1129570438555229
37 0.9997656317597586 0.0026076802280947 0.0214914298230384 -0.0026391392942748 0.9999954870409701 0.0014355631224175 -0.0214875893435256 -0.0014919455489508 0.9997680018897799 -0.0200993273290791 -0.0120774986541286 -0.1179533816742387
38 0.9997487633022064 0.0027079245862616 0.0222503352816112 -0.0027420066020231 0.9999951136071094 0.0015013865920712 -0.0222461609160649 -0.0015620199549011 0.9997513032840503 -0.0212555179532828 -0.0124393279399838 -0.1230311543781289
39 0.9997302578076768 0.0028105993271438 0.0230545473869759 -0.0028498216322198 0.9999945471235356 0.0016686041650028 -0.0230497318956337 -0.0017338554199217 0.9997328161088452 -0.0223039981263869 -0.0130092390503867 -0.1280972250852132
40 0.9997099397501663 0.0029076554058292 0.0239077791682944 -0.0029528253776552 0.9999939212595103 0.0018542562707233 -0.0239022423008398 -0.0019243139217376 0.9997124485715493 -0.0232929963116123 -0.0133934254440469 -0.1333929352507539
41 0.9996917719510667 0.0029509114526561 0.0246506230131197 -0.0029978976855343 0.9999937590527409 0.0018693488266752 -0.0246449528870199 -0.0019426726866116 0.9996943794580567 -0.0243869817125873 -0.0138486570127001 -0.1387657435319832
42 0.9996760393002773 0.0030835897049987 0.0252647565482398 -0.0031344092694760 0.9999931430752984 0.0019721259892027 -0.0252585020823093 -0.0020506771850032 0.9996788498291044 -0.0256546441104090 -0.0143987070027739 -0.1441933616664783
43 0.9996577078355979 0.0032509998883280 0.0259595486209683 -0.0033102943476522 0.9999920088670189 0.0022414623431667 -0.0259520541809358 -0.0023266288552374 0.9996604812044736 -0.0267777853436358 -0.0148679743779118 -0.1495995026268821
44 0.9996406166940066 0.0033686594172467 0.0265949166074400 -0.0034322352880809 0.9999913597654665 0.0023452409984031 -0.0265867865029481 -0.0024356781692034 0.9996435415963546 -0.0281158150955973 -0.0155001348464415 -0.1552609835151151
45 0.9996276014641470 0.0033853600671247 0.0270776241249585 -0.0034506592587634 0.9999912493691219 0.0023651925635634 -0.0270693801502090 -0.0024577474237078 0.9996305358160508 -0.0292878987497111 -0.0160139779681836 -0.1610708624712475
46 0.9996163789551942 0.0034291056681948 0.0274833796834015 -0.0034959680191999 0.9999910445977768 0.0023851481832501 -0.0274749546335273 -0.0024803142066447 0.9996194150322021 -0.0304448918389792 -0.0167178631714607 -0.1667855101575927
47 0.9996069462732780 0.0034971643863197 0.0278158732285577 -0.0035670636801171 0.9999906030627878 0.0024637051008828 -0.0278069958628062 -0.0025619577235356 0.9996100276376326 -0.0317139298674326 -0.0172177461941659 -0.1726326807409280
48 0.9995973752196902 0.0035181004944702 0.0281551136175430 -0.0035929094543353 0.9999901475383230 0.0026068808825537 -0.0281456649514431 -0.0027069900616154 0.9996001669413864 -0.0329887605438138 -0.0176236425570077 -0.1785927357741123
49 0.9995847495770723 0.0035470451489655 0.0285962739470188 -0.0036276681256464 0.9999895891399291 0.0027679659907733 -0.0285861581348721 -0.0028705543832348 0.9995872105427426 -0.0343014492203315 -0.0181544420339043 -0.1848748867666314
50 0.9995727790976664 0.0035826758028744 0.0290073046155499 -0.0036673848031653 0.9999891635510471 0.0028675894376278 -0.0289967166360834 -0.0029727452916086 0.9995750863290651 -0.0357134277898283 -0.0187378268448604 -0.1910651644937522
51 0.9995646312532530 0.0036106133316186 0.0292832959025782 -0.0036961928701445 0.9999890538229554 0.0028688660716518 -0.0292726169963519 -0.0029758537665550 0.9995670353650850 -0.0370080422320063 -0.0194674870177366 -0.1974648436641573
52 0.9995606852996318 0.0037213873935187 0.0294038718402471 -0.0038099532385506 0.9999883713324561 0.0029565953700102 -0.0293925272756593 -0.0030673238709448 0.9995632400526844 -0.0385522291552074 -0.0199677028072868 -0.2039215198891592
53 0.9995579906669269 0.0037862520338624 0.0294870749555119 -0.0038783008161253 0.9999877819014381 0.0030650987947302 -0.0294751094429783 -0.0031781037393212 0.9995604621932315 -0.0398884660285123 -0.0203843391831293 -0.2104720780392427
54 0.9995598596767271 0.0037266540977319 0.0294312584215729 -0.0038164524395795 0.9999882306547675 0.0029955371344581 -0.0294197487041949 -0.0031065416757783 0.9995623181097808 -0.0415399803065808 -0.0209778727032155 -0.2172678729597954
55 0.9995583628186038 0.0036915413768327 0.0294864687891840 -0.0037835865442129 0.9999881406923580 0.0030664225904640 -0.0294747992742078 -0.0031766329507813 0.9995604760147537 -0.0429764982572623 -0.0215756329095803 -0.2239638901673893
56 0.9995494672511958 0.0037065161923961 0.0297846311974189 -0.0037984554732496 0.9999881928776521 0.0030308152872445 -0.0297730457606959 -0.0031425854010925 0.9995517444850609 -0.0444067487591588 -0.0220438231146188 -0.2309421009542544
57 0.9995381839922974 0.0037965192098442 0.0301497128223362 -0.0038836988896595 0.9999884439396055 0.0028335261038038 -0.0301386068741493 -0.0029493099423024 0.9995413778061165 -0.0457805413949999 -0.0225943375367499 -0.2380092138604434
58 0.9995288427780369 0.0038698904833019 0.0304485862142351 -0.0039556918690150 0.9999883724094911 0.0027581783217167 -0.0304375583225046 -0.0028773240109916 0.9995325287602700 -0.0472131257503523 -0.0231973864868580 -0.2451053601220070
59 0.9995173050608280 0.0039532564415627 0.0308144227180528 -0.0040439826786718 0.9999876685852018 0.0028825130749253 -0.0308026474192431 -0.0030057346921770 0.9995209664989154 -0.0485219022477658 -0.0237127102132563 -0.2521836129062721
60 0.9995045981288083 0.0039045669115909 0.0312299964233451 -0.0039927411542196 0.9999882159447450 0.0027615194588176 -0.0312188458698370 -0.0028848446888760 0.9995084098363937 -0.0498145603199661 -0.0241473797381626 -0.2595389509836610
61 0.9994957998935315 0.0038563321743704 0.0315162608402471 -0.0039382300850572 0.9999890271029984 0.0025369307037927 -0.0315061317680659 -0.0026597698696714 0.9995000196524528 -0.0511647764560743 -0.0246338826028448 -0.2670454088489553
62 0.9994933394530326 0.0039618883738655 0.0315811309097385 -0.0040409129522073 0.9999888614780662 0.0024388403624890 -0.0315711167293413 -0.0025652212992355 0.9994982162205935 -0.0535351055572954 -0.0257579921849926 -0.2740364278903732
63 0.9994884198203836 0.0039963635270316 0.0317321244720942 -0.0040773949513817 0.9999885890265863 0.0024893105526518 -0.0317218141877654 -0.0026174214748313 0.9994933094370667 -0.0551542083992030 -0.0261579585886506 -0.2815188466520249
64 0.9994881762923606 0.0039293072864827 0.0317481652386283 -0.0040037656848889 0.9999893809976119 0.0022820500330544 -0.0317388612289628 -0.0024079942402860 0.9994932947507088 -0.0569771856132921 -0.0268696057268049 -0.2890794337633522
65 0.9994851432399335 0.0039045851347163 0.0318465485975378 -0.0039748010612603 0.9999898067500950 0.0021418105497643 -0.0318378610960754 -0.0022672915192869 0.9994904751872294 -0.0585474816486888 -0.0273985967448404 -0.2967231461420168
66 0.9994803872039394 0.0039009640975038 0.0319959071409686 -0.0039691168960234 0.9999899871540358 0.0020668097970329 -0.0319875242200643 -0.0021927313518521 0.9994858629432881 -0.0602558738412965 -0.0281381774887935 -0.3043226468227472
67 0.9994767221389763 0.0039173551735694 0.0321081956947359 -0.0039796792038718 0.9999903187407497 0.0018773860040330 -0.0321005304591937 -0.0020041839281807 0.9994826357626331 -0.0620154075710861 -0.0287282323139921 -0.3122500504491958
68 0.9994756013875790 0.0039432916274759 0.0321398923781329 -0.0039992440259870 0.9999905971446931 0.0016768033339874 -0.0321329780468274 -0.0018044592932349 0.9994819736486001 -0.0637262647949535 -0.0294535835909695 -0.3200830809654786
69 0.9994801427844666 0.0039419160617135 0.0319985230488021 -0.0039954901942080 0.9999907211307172 0.0016105001012921 -0.0319918776824728 -0.0017375126562644 0.9994866186258419 -0.0659098560262958 -0.0302146177283827 -0.3281029677720131
70 0.9994842728357058 0.0039433536208385 0.0318690808825958 -0.0039932875075820 0.9999908967575434 0.0015033485710346 -0.0318628625355947 -0.0016298356559057 0.9994909212327907 -0.0678203485717519 -0.0308674593543049 -0.3360819807243932
71 0.9994891597154999 0.0039218089028097 0.0317181182628121 -0.0039657842649596 0.9999912602118772 0.0013236521542276 -0.0317126499423762 -0.0014487631937053 0.9994959774400499 -0.0699289035845357 -0.0315489923579217 -0.3442301676874654
72 0.9994907781720435 0.0039193530333583 0.0316673810227949 -0.0039622395859534 0.9999913161211097 0.0012916423012062 -0.0316620436249221 -0.0014164583194245 0.9994976281309140 -0.0719913159323188 -0.0319528954170809 -0.3524246426787208
73 0.9994881740393989 0.0039412755860022 0.0317467526235881 -0.0039792744255036 0.9999914398491885 0.0011338445190378 -0.0317420120728766 -0.0012595932287855 0.9994953016870382 -0.0740024275947084 -0.0327130512783972 -0.3607085696299215
74 0.9994881737325010 0.0039650232311138 0.0317438050593600 -0.0039938880495349 0.9999916665783818 0.0008459503757641 -0.0317401863119564 -0.0009722985998141 0.9994956804350458 -0.0759903593378315 -0.0335619073682044 -0.3691367428270119
75 0.9994908812320478 0.0039125622786223 0.0316649678730367 -0.0039368376418911 0.9999920025879224 0.0007043220697766 -0.0316619589312780 -0.0008286233236440 0.9994982910140574 -0.0779466063573748 -0.0340314245126359 -0.3775551821833416
76 0.9994919961252900 0.0039049667173183 0.0316306957941143 -0.0039265541609417 0.9999920986086819 0.0006203971513382 -0.0316280232373817 -0.0007442816273653 0.9994994318112216 -0.0801977702724485 -0.0347512705951681 -0.3860320681218624
77 0.9994944083608377 0.0038469527257916 0.0315615051945348 -0.0038636478732455 0.9999924265708455 0.0004680022047555 -0.0315594657833540 -0.0005897081291750 0.9995017020314632 -0.0823626287156093 -0.0356850937665175 -0.3946817846379790
78 0.9994951423899009 0.0038219805173543 0.0315412872901005 -0.0038357094359756 0.9999925734116675 0.0003747727760640 -0.0315396206716958 -0.0004955667824575 0.9995023795576725 -0.0845162061836212 -0.0361025794061067 -0.4034082101766399
79 0.9994925387151866 0.0038471189826742 0.0316206376944605 -0.0038572781873995 0.9999925267991270 0.0002602899964554 -0.0316194000204969 -0.0003821275054099 0.9994999087148099 -0.0866478532190420 -0.0368685175812230 -0.4121806612767591
80 0.9994929888362657 0.0038574878062103 0.0316051428564007 -0.0038630531825134 0.9999925317660922 0.0001150310837442 -0.0316044630907983 -0.0002370651093957 0.9995004260693821 -0.0889538283380713 -0.0375889925863763 -0.4210844171026301
81 0.9994975202196417 0.0038457706209489 0.0314629484174333 -0.0038419703008289 0.9999926031805407 -0.0001812413117267 -0.0314634127041962 0.0000602705282359 0.9995049024534441 -0.0911448415026542 -0.0382860863285098 -0.4300112735219020
82 0.9995058054647075 0.0038606706566275 0.0311967957397461 -0.0038439337246168 0.9999924341809762 -0.0005964514455650 -0.0311988624130294 0.0004762382672761 0.9995130835468067 -0.0937619150776479 -0.0392223349247967 -0.4390300775866525
83 0.9995117622608511 0.0038638989844592 0.0310049574559590 -0.0038334940996573 0.9999921113000414 -0.0010400291695368 -0.0310087314348044 0.0009206640665789 0.9995186896464121 -0.0958903896032000 -0.0400519996515422 -0.4480237393698697
84 0.9995153588458185 0.0038760985121970 0.0308872674679759 -0.0038278361774254 0.9999913591527441 -0.0016215085711737 -0.0308932857027758 0.0015024913215525 0.9995215592563851 -0.0982957620130064 -0.0409880155010487 -0.4571954128880222
85 0.9995147689229521 0.0039227133933558 0.0309004696490407 -0.0038557618362913 0.9999900890230677 -0.0022259731127858 -0.0309088952497415 0.0021057481498585 0.9995199878037307 -0.1005430971061556 -0.0421594703792905 -0.4665351639295520
86 0.9995121425957539 0.0039795408230393 0.0309780576938404 -0.0038970827040068 0.9999887023608757 -0.0027217452140412 -0.0309885390111129 0.0025996933376437 0.9995163590679779 -0.1030227867268413 -0.0430933659687186 -0.4758128239781448
87 0.9995088130381899 0.0039085244663174 0.0310943096962283 -0.0038014802834662 0.9999866460039719 -0.0035009372147288 -0.0311075779616990 0.0033810131947766 0.9995103237801667 -0.1051844165869958 -0.0443051115694778 -0.4853216370895744
88 0.9995099046540924 0.0038354559332395 0.0310683082280214 -0.0037018320924028 0.9999836548494522 -0.0043573470244428 -0.0310845128243442 0.0042402018484905 0.9995077657280894 -0.1076642951936908 -0.0452572523488223 -0.4948009988187937
89 0.9995105025733144 0.0039108094755166 0.0310396651864438 -0.0037566741723624 0.9999803306649787 -0.0050225175283399 -0.0310586967660111 0.0049034531104096 0.9995055345033318 -0.1102600212288559 -0.0463799163061498 -0.5045164547884613
90 0.9995074804854432 0.0039268019046339 0.0311348146042807 -0.0037554173902194 0.9999774849105016 -0.0055611610561640 -0.0311559511789707 0.0054414978516140 0.9994997232652265 -0.1127067391216289 -0.0475375664091068 -0.5140385219388628
91 0.9995068221267562 0.0038319614919959 0.0311677492481704 -0.0036394375292420 0.9999739616628340 -0.0062314116223994 -0.0311908162211846 0.0061149053517524 0.9994947428155866 -0.1150123291681963 -0.0485678071130304 -0.5237324256259754
92 0.9995079236916726 0.0037203029240094 0.0311459439368142 -0.0035050208479119 0.9999696097804633 -0.0069637880757247 -0.0311709048058806 0.0068511941777700 0.9994905881657522 -0.1174292931186286 -0.0496332386110031 -0.5333453204011562
93 0.9995110489748212 0.0036662102767015 0.0310519223150430 -0.0034316110207522 0.9999651934858501 -0.0076049893233688 -0.0310787229958811 0.0074947127372109 0.9994888404869421 -0.1200407938135331 -0.0509217743176395 -0.5430889655958324
94 0.9995211744564249 0.0036022435033392 0.0307318345529810 -0.0033543140513057 0.9999614448571108 -0.0081152557892230 -0.0307598828101532 0.0080082857729950 0.9994947208307224 -0.1227583876483439 -0.0519070159307222 -0.5529434111219758
95 0.9995357327248917 0.0035184455522054 0.0302644931728592 -0.0032575947944581 0.9999571604277385 -0.0086640282460978 -0.0302936805665636 0.0085614163658957 0.9995043747115572 -0.1254732209041509 -0.0532230713755671 -0.5627414143125316
96 0.9995576829577745 0.0033307470841975 0.0295524036915181 -0.0030612095559801 0.9999533494028551 -0.0091612233935170 -0.0295815387723445 0.0090667051276998 0.9995212491097865 -0.1283776283979093 -0.0544016743440836 -0.5725769298448498
97 0.9995858830796986 0.0031063577775484 0.0286079165465927 -0.0028274956497767 0.9999481474985813 -0.0097830252225977 -0.0286368227310476 0.0096980851467366 0.9995428352643808 -0.1316885569004999 -0.0555887160890784 -0.5826205606181086
98 0.9996168814565225 0.0029420983415054 0.0275215254752645 -0.0026547565336140 0.9999416499613798 -0.0104713389908229 -0.0275507273022683 0.0103942642771100 0.9995663643276786 -0.1348082345276342 -0.0567786432281907 -0.5925662913662114
99 0.9996457915440246 0.0027588445624129 0.0264703650333941 -0.0024638405009526 0.9999345687512019 -0.0111708417916365 -0.0264994516604883 0.0111016662275693 0.9995871808244967 -0.1379326302426480 -0.0581335467491232 -0.6026605718199870
100 0.9996701956351800 0.0025744477862004 0.0255513635118941 -0.0022722348526915 0.9999272086231764 -0.0118496583848205 -0.0255800099197604 0.0117876916170580 0.9996032780152564 -0.1412353058174794 -0.0595824144895785 -0.6127037356045155
101 0.9996919473694194 0.0023960618934936 0.0247036283193501 -0.0020882496161838 0.9999199601438711 -0.0124784822562580 -0.0247315502603164 0.0124230508846171 0.9996169357451081 -0.1444072918238391 -0.0607525100390085 -0.6229793446670203
102 0.9997089599518496 0.0022395664892318 0.0240204024514870 -0.0019275841701185 0.9999135926969469 -0.0130035210289867 -0.0240474491632314 0.0129534351360749 0.9996268947496947 -0.1475365917598009 -0.0617651695557178 -0.6332638639802491
103 0.9997239530199035 0.0021211321900393 0.0233991144381630 -0.0018062959399532 0.9999076710128111 -0.0134679896314699 -0.0234255214079682 0.0134220061081960 0.9996354809123156 -0.1506303293133301 -0.0630398855065054 -0.6435546501534527
104 0.9997404607648331 0.0020124471880178 0.0226927558052067 -0.0016979473121618 0.9999023679867226 -0.0138698042332953 -0.0227184525142983 0.0138276733711877 0.9996462711201876 -0.1539136656045123 -0.0643371798563405 -0.6539419784712796
105 0.9997556797020728 0.0018793281433385 0.0220238286675154 -0.0015654132635019 0.9998970670868118 -0.0142620024017074 -0.0220483646731650 0.0142240415115224 0.9996557138626866 -0.1573443994210612 -0.0656189278968357 -0.6645436963886302
106 0.9997703531189989 0.0017635166076478 0.0213572243863015 -0.0014504905893569 0.9998914357726486 -0.0146633129122186 -0.0213807647515814 0.0146289670751560 0.9996643717873273 -0.1605756028259639 -0.0669923768551413 -0.6749810819046949
107 0.9997876787719976 0.0016475113452936 0.0205397926491021 -0.0013384131053798 0.9998857949788040 -0.0150534265190500 -0.0205622475926229 0.0150227396293825 0.9996757030497277 -0.1639755658904596 -0.0682726947685554 -0.6857282529660803
108 0.9998061796410754 0.0015083603427405 0.0196297733199836 -0.0012059672561870 0.9998805694152627 -0.0154075484353310 -0.0196506690597164 0.0153808892748928 0.9996885912376008 -0.1674182963380853 -0.0692652111260093 -0.6965479066639498
109 0.9998253208351360 0.0013141995277363 0.0186440525776619 -0.0010194133645836 0.9998744632757974 -0.0158119728474373 -0.0186624921516242 0.0157902048288578 0.9997011457521459 -0.1709305814299155 -0.0706735584263807 -0.7075106548946697
110 0.9998424545723986 0.0011251732375736 0.0177144014808959 -0.0008390729892161 0.9998692302584138 -0.0161498711748966 -0.0177302563760281 0.0161324631607339 0.9997126495354591 -0.1745665935347863 -0.0718252539369700 -0.7185093943526877
111 0.9998568602980082 0.0010116384316603 0.0168889165636199 -0.0007320954832561 0.9998627739513166 -0.0165498429775535 -0.0169033414215274 0.0165351097384283 0.9997203945077471 -0.1780764594474330 -0.0732215203085192 -0.7294649983583845
112 0.9998717165769755 0.0008827732618673 0.0159928452997141 -0.0006135636396364 0.9998581735315865 -0.0168302216782807 -0.0160054343606342 0.0168182500114633 0.9997304499401223 -0.1818111935555980 -0.0744650274609027 -0.7406199648192147
113 0.9998849979888402 0.0005616593260260 0.0151550432417218 -0.0003028763306444 0.9998542067267827 -0.0170725966591046 -0.0151624227214949 0.0170660431722653 0.9997393915954583 -0.1852912356248597 -0.0757040974246229 -0.7518229910474173
114 0.9998962481964353 0.0002937772618824 0.0144016157986898 -0.0000438471169646 0.9998494494307218 -0.0173515575817532 -0.0144045451203085 0.0173491258570270 0.9997457261283361 -0.1889226489570629 -0.0766511948422336 -0.7631788772848490
115 0.9999060325727751 0.0001987663410657 0.0137071702591800 0.0000443954066657 0.9998426831729167 -0.0177371625304135 -0.0137085394415436 0.0177361043502822 0.9997487217040367 -0.1924532431338067 -0.0777149309509152 -0.7744673415600268
116 0.9999153156602997 0.0001042082086496 0.0130134794967586 0.0001301374639331 0.9998378744599322 -0.0180057729543992 -0.0130132460287119 0.0180059416886244 0.9997531902883342 -0.1963034058987329 -0.0786710109535973 -0.7858180495017102
117 0.9999222881096579 -0.0000116323681300 0.0124666597865779 0.0002408974978153 0.9998308805429984 -0.0183889173419199 -0.0124643375251882 0.0183904914915406 0.9997531845974574 -0.1999757780449333 -0.0806386740815510 -0.7974526578020702
118 0.9999263237418052 -0.0001016253498064 0.0121382354766533 0.0003291027291063 0.9998243359199563 -0.0187400371827826 -0.0121341987618509 0.0187426512133865 0.9997507060492137 -0.2036154790493632 -0.0816715234029362 -0.8090989491909484
119 0.9999262521394789 -0.0001241222847790 0.0121439234168165 0.0003585661439960 0.9998135734648543 -0.0193051740670405 -0.0121392632649376 0.0193081047515486 0.9997398838589404 -0.2070621044461196 -0.0830888169226213 -0.8208157995049498
120 0.9999224660208472 -0.0001324785911898 0.0124516824650559 0.0003795309595359 0.9998030836024582 -0.0198406142865292 -0.0124466020679726 0.0198438017637485 0.9997256151707440 -0.2103567118907228 -0.0845435603327968 -0.8325047256006037
121 0.9999197878965490 -0.0000406825347960 0.0126655484623372 0.0002976616889678 0.9997941250150245 -0.0202883952781013 -0.0126621155593909 0.0202905379517874 0.9997139415348710 -0.2136843910746170 -0.0859249802668338 -0.8444414346911426
122 0.9999197089786298 0.0000709394104896 0.0126716440800847 0.0001936714517023 0.9997819770059874 -0.0208796778080556 -0.0126703625623382 0.0208804554931029 0.9997016897509674 -0.2171652203996959 -0.0874100204084071 -0.8561426015264508
123 0.9999195729262075 0.0000222125112034 0.0126825543829019 0.0002509693408838 0.9997679994543004 -0.0215379730136310 -0.0126800904358311 0.0215394237098003 0.9996875854649736 -0.2204736385532717 -0.0885738385702363 -0.8678416352227010
124 0.9999213010043526 -0.0000423152635721 0.0125455174138558 0.0003218972087252 0.9997516240225606 -0.0222842241605973 -0.0125414584458868 0.0222865087815746 0.9996729581950183 -0.2242469437926531 -0.0903908933851479 -0.8798989833182703
125 0.9999222659414096 -0.0000351707645680 0.0124683935458468 0.0003198871953724 0.9997392237475911 -0.0228337945323639 -0.0124643390028926 0.0228360080482840 0.9996615212108745 -0.2277655210426296 -0.0917105286245097 -0.8918258965122881
126 0.9999250998149009 -0.0000939851889454 0.0122387060976604 0.0003795650499545 0.9997276548937394 -0.0233339231814369 -0.0122331799027687 0.0233368208513629 0.9996528107808320 -0.2316820717033418 -0.0928463784485164 -0.9036981036962057
127 0.9999301362767016 -0.0002000290302112 0.0118187374132777 0.0004813303266852 0.9997165466192411 -0.0238032505514516 -0.0118106260110780 0.0238072762844816 0.9996467989790898 -0.2356671453283464 -0.0941446582604049 -0.9155724618031716
128 0.9999368438154682 -0.0002218990903682 0.0112365092957557 0.0004939366975428 0.9997066962290053 -0.0242131687605325 -0.0112278407050836 0.0242171896734716 0.9996436681725246 -0.2398092160655579 -0.0952078354614668 -0.9275087773979561
129 0.9999447920454452 -0.0002990140568515 0.0105034971216841 0.0005592472021159 0.9996927309513804 -0.0247816651082572 -0.0104928596558968 0.0247861710145939 0.9996377071832959 -0.2441828181843921 -0.0964016697919947 -0.9393937926941508
130 0.9999549095672216 -0.0005150155619566 0.0094822777527750 0.0007576573742502 0.9996718972985769 -0.0256031971981404 -0.0094659805468358 0.0256092270565623 0.9996272118654296 -0.2487170805456916 -0.0979547627514843 -0.9512675393501260
131 0.9999648749077419 -0.0007044094379744 0.0083518116650120 0.0009249333543658 0.9996502404699079 -0.0264299305096525 -0.0083302730467926 0.0264367270250834 0.9996157791947700 -0.2533270707426411 -0.0992686974500641 -0.9631977880737105
132 0.9999733256806160 -0.0008738825541010 0.0072515002951251 0.0010706124655834 0.9996302495566203 -0.0271701667333441 -0.0072250755149756 0.0271772055342491 0.9996045206896336 -0.2579910760688137 -0.1006388231432756 -0.9750610145683999
133 0.9999817166582354 -0.0010737592298389 0.0059509150863365 0.0012397708796379 0.9996081699449060 -0.0279637184144387 -0.0059185570382023 0.0279705849154492 0.9995912249825292 -0.2630028779128843 -0.1020221540513775 -0.9869304730449148
134 0.9999899627765563 -0.0013343438622053 0.0042771336896232 0.0014573027575094 0.9995819690965276 -0.0288749601866629 -0.0042368165896661 0.0288809034409557 0.9995738806119434 -0.2687784499985264 -0.1026372240281601 -0.9989543043414909
135 0.9999957426975461 -0.0014868814239468 0.0025107310517760 0.0015618961305694 0.9995443205779277 -0.0301448450134712 -0.0024647651532231 0.0301486381788632 0.9995423875697816 -0.2741929163247134 -0.1046211746501372 -1.0107408937672369
136 0.9999980885312610 -0.0017804411981101 0.0008080612379751 0.0018049322553572 0.9995054640108881 -0.0313937833325745 -0.0007517668374016 0.0313951818201318 0.9995067670631865 -0.2796880483964217 -0.1062797753562287 -1.0224077493684602
137 0.9999973715227574 -0.0021198177335006 -0.0008736820664322 0.0020901548060822 0.9994643880179084 -0.0326583578410563 0.0009424438779474 0.0326564458685358 0.9994661916957334 -0.2851271141752816 -0.1079588470730718 -1.0341905504955289
138 0.9999941156443840 -0.0023441583829011 -0.0025047151698896 0.0022579294478754 0.9994229542312230 -0.0338918915132114 0.0025827177962019 0.0338860366111286 0.9994223662153927 -0.2905639245103658 -0.1095417765280896 -1.0459273814990744
139 0.9999879532724193 -0.0025715187570614 -0.0041809809040317 0.0024236746617165 0.9993847352413772 -0.0349896665839583 0.0042683850777490 0.0349791117354986 0.9993789284505771 -0.2961012616330420 -0.1110041039072477 -1.0576206860158099
140 0.9999774725353933 -0.0028747296262824 -0.0060655050327779 0.0026543611284143 0.9993471165733578 -0.0360318603948720 0.0061651268216350 0.0360149486476290 0.9993322343871340 -0.3019049567569190 -0.1124795104053812 -1.0693478393443705
141 0.9999611986256818 -0.0032276355362884 -0.0081965609821918 0.0029216017020306 0.9993080951564407 -0.0370782307870924 0.0083105647572588 0.0370528450142642 0.9992787504944576 -0.3080943282552578 -0.1139681989088576 -1.0810033446045135
142 0.9999396691114646 -0.0035655762616228 -0.0103896488476419 0.0031680473140900 0.9992715597826096 -0.0380304257910199 0.0105176809929966 0.0379952164825144 0.9992225687558185 -0.3143094751319855 -0.1153076451984143 -1.0924691339070112
143 0.9999132326657895 -0.0039273511191522 -0.0125739036515185 0.0034352271057403 0.9992362812779524 -0.0389236867799151 0.0127171677107272 0.0388771152607269 0.9991630715525976 -0.3206327345864927 -0.1163732872112033 -1.1038837459051443
144 0.9998806334385857 -0.0042500522181584 -0.0148544919332708 0.0036544934459031 0.9991972927014779 -0.0398925423568217 0.0150121135123117 0.0398334948778021 0.9990935537444497 -0.3272836176217300 -0.1177749735310668 -1.1152778467334605
145 0.9998451592345622 -0.0045783750521334 -0.0169910575625821 0.0038809363810855 0.9991575181240531 -0.0408557500113346 0.0171637958511205 0.0407834826622826 0.9990205761914598 -0.3334237550390587 -0.1189333266078894 -1.1265086959919952
146 0.9998078355125557 -0.0049267922975826 -0.0189741604650884 0.0041301858447508 0.9991176093675634 -0.0417964617704990 0.0191633403295528 0.0417100631658770 0.9989459630120702 -0.3396070181825059 -0.1199275562233304 -1.1378915031979886
147 0.9997691973878670 -0.0052915351746006 -0.0208219021685432 0.0043982407460584 0.9990775737097496 -0.0427160062339577 0.0210287287480754 0.0426145675296109 0.9988702574416279 -0.3456679470482971 -0.1211100475156283 -1.1492019613027684
148 0.9997308714379592 -0.0056202673140940 -0.0225077162150401 0.0046331540743623 0.9990352169369254 -0.0436711484061690 0.0227314446796035 0.0435551135357095 0.9987923875899684 -0.3515557864546344 -0.1220314507729740 -1.1606878292094811
149 0.9996919568176221 -0.0060186050521520 -0.0240783692840642 0.0049387236108569 0.9989900656308246 -0.0446593526600700 0.0243228387169162 0.0445266792400595 0.9987120577787192 -0.3573315165774706 -0.1231138676394904 -1.1719444497686502
150 0.9996503253191431 -0.0063457343039168 -0.0256701917693525 0.0051729577300490 0.9989510596089507 -0.0454974836059940 0.0259319802108201 0.0453487834709892 0.9986345779313106 -0.3633294816858803 -0.1241082291213701 -1.1834764000298521
151 0.9996067910261784 -0.0066154394297982 -0.0272488402596626 0.0053524661998597 0.9989195098289922 -0.0461645317163003 0.0275247968189648 0.0460005309116820 0.9985621346295473 -0.3690883973348140 -0.1248135400108583 -1.1947153826611348
152 0.9995606213390844 -0.0069984018336410 -0.0288025457207945 0.0056430456999470 0.9988849655008626 -0.0468719717055826 0.0290984587813835 0.0466888430796428 0.9984855690636859 -0.3750181150027461 -0.1254683356781620 -1.2061394889475932
153 0.9995133229871647 -0.0073830424065687 -0.0303085442734998 0.0059359084460426 0.9988506467337638 -0.0475620700817584 0.0306248618295020 0.0473590139716264 0.9984083541485214 -0.3808277914951542 -0.1263289723468299 -1.2173795772716949
154 0.9994671169831684 -0.0076288588928981 -0.0317377154399271 0.0060958123120199 0.9988228156619329 -0.0481230088982915 0.0320674779427719 0.0479038978075967 0.9983370640386088 -0.3867874700162104 -0.1268198253781510 -1.2287896496519626
155 0.9994158120171093 -0.0078985147910560 -0.0332512880093014 0.0062702813765500 0.9987893711642674 -0.0487901180644843 0.0335964025104018 0.0485531205318762 0.9982554163263909 -0.3926349073082332 -0.1274214882046200 -1.2400110707612184
156 0.9993530799928975 -0.0083121973531038 -0.0349904113132813 0.0065696618788256 0.9987463620554677 -0.0496240246631245 0.0353590306924194 0.0493620467174077 0.9981548613779131 -0.3987802618903087 -0.1280354685296960 -1.2513624536477492
157 0.9992842061666142 -0.0087737325974450 -0.0367980559577290 0.0069117163810528 0.9987038657249370 -0.0504263498851027 0.0371927880459036 0.0501359172886609 0.9980496412077893 -0.4050891144814373 -0.1288944929756005 -1.2625119743156219
158 0.9992187669370276 -0.0091254334108423 -0.0384523375870742 0.0071532044018139 0.9986669412003879 -0.0511191962011027 0.0388675631810371 0.0508042027643900 0.9979520256574677 -0.4111816610527424 -0.1293915121062221 -1.2737981911572693
159 0.9991639630502893 -0.0093812740456139 -0.0397915397907805 0.0073151837785550 0.9986330571916232 -0.0517542768319496 0.0402226680856223 0.0514199259178112 0.9978667888003291 -0.4170632827299232 -0.1298849598125167 -1.2850867978621203
160 0.9991177154369080 -0.0096742218906498 -0.0408680820561000 0.0075307167374371 0.9986039927879599 -0.0522814870997827 0.0413168126257839 0.0519275940012122 0.9977957937251946 -0.4225376112082889 -0.1303131375231399 -1.2965615446139012
161 0.9990787891970766 -0.0099096718069928 -0.0417536990119572 0.0076990096137251 0.9985766254895581 -0.0527773462468016 0.0422172740412168 0.0524072650551878 0.9977330205731211 -0.4277154805844530 -0.1304724099405844 -1.3081892414873568
162 0.9990407819831373 -0.0100940635366132 -0.0426101609459565 0.0078142693139479 0.9985460991827414 -0.0533350260337419 0.0430865771396452 0.0529508988426982 0.9976671535046845 -0.4330079923624760 -0.1307534153213088 -1.3198278067050848
163 0.9989919296518689 -0.0104272853395199 -0.0436622973614960 0.0080706492124878 0.9985187518513262 -0.0538067544324934 0.0441586810460235 0.0534001303530048 0.9975963296677457 -0.4383607917990959 -0.1308928200241730 -1.3312613614580628
164 0.9989283324803649 -0.0107657960505183 -0.0450142666650942 0.0083149702905815 0.9984909923024479 -0.0542825898418610 0.0455307350815284 0.0538501246634733 0.9975104592116636 -0.4442695120535421 -0.1309872749160901 -1.3428098575739478
165 0.9988641783346089 -0.0110616557564035 -0.0463464455147679 0.0085168729007917 0.9984637755975376 -0.0547499013286947 0.0468808715353958 0.0542929884187348 0.9974239095252554 -0.4501383230175690 -0.1310394277795302 -1.3543107210637311
166 0.9988069689953810 -0.0113367317581138 -0.0474986020773715 0.0087061504484483 0.9984358323174867 -0.0552276351916004 0.0480504071848397 0.0547482169347284 0.9973433667056892 -0.4557227655226647 -0.1311532920498870 -1.3659341401520095
167 0.9987544818483730 -0.0115986068770713 -0.0485279023480218 0.0088829999270188 0.9984021266244631 -0.0558057870121554 0.0490976302899088 0.0553052065384501 0.9972616290771720 -0.4612406817067116 -0.1315726351069481 -1.3775187575781240
